Game is starting.
Seed is: 1000000
Dealer shuffling.

Round 1
---------------------------

Deck:  9, 14, 8, 13, 2, 2, 3, 6, 13, 7, 9, 10, 9, 13, 12, 11, 10, 3, 9, 10, 7, 6, 2, 13, 7, 3, 14, 8, 4, 14, 11, 5, 5, 12, 4, 2, 4, 12, 7, 3, 5, 8, 5, 4, 6, 10, 6, 11, 14

Player 1's Hand: 12
Player 1 draws: 9
Player 1's discards: 9
Player 1's Hand: 12

Deck:  14, 8, 13, 2, 2, 3, 6, 13, 7, 9, 10, 9, 13, 12, 11, 10, 3, 9, 10, 7, 6, 2, 13, 7, 3, 14, 8, 4, 14, 11, 5, 5, 12, 4, 2, 4, 12, 7, 3, 5, 8, 5, 4, 6, 10, 6, 11, 14, 9

Player 2's Hand: 8
Player 2 draws: 14
Player 2's discards: 8
Player 2's Hand: 14

Deck:  8, 13, 2, 2, 3, 6, 13, 7, 9, 10, 9, 13, 12, 11, 10, 3, 9, 10, 7, 6, 2, 13, 7, 3, 14, 8, 4, 14, 11, 5, 5, 12, 4, 2, 4, 12, 7, 3, 5, 8, 5, 4, 6, 10, 6, 11, 14, 9, 8

Player 3's Hand: 11
Player 3 draws: 8
Player 3's discards: 11
Player 3's Hand: 8

Deck:  13, 2, 2, 3, 6, 13, 7, 9, 10, 9, 13, 12, 11, 10, 3, 9, 10, 7, 6, 2, 13, 7, 3, 14, 8, 4, 14, 11, 5, 5, 12, 4, 2, 4, 12, 7, 3, 5, 8, 5, 4, 6, 10, 6, 11, 14, 9, 8, 11

Player 1's Hand: 12
Player 1 draws: 13
Player 1's discards: 12
Player 1's Hand: 13

Deck:  2, 2, 3, 6, 13, 7, 9, 10, 9, 13, 12, 11, 10, 3, 9, 10, 7, 6, 2, 13, 7, 3, 14, 8, 4, 14, 11, 5, 5, 12, 4, 2, 4, 12, 7, 3, 5, 8, 5, 4, 6, 10, 6, 11, 14, 9, 8, 11, 12

Player 2's Hand: 14
Player 2 draws: 2
Player 2's discards: 14
Player 2's Hand: 2

Deck:  2, 3, 6, 13, 7, 9, 10, 9, 13, 12, 11, 10, 3, 9, 10, 7, 6, 2, 13, 7, 3, 14, 8, 4, 14, 11, 5, 5, 12, 4, 2, 4, 12, 7, 3, 5, 8, 5, 4, 6, 10, 6, 11, 14, 9, 8, 11, 12, 14

Player 3's Hand: 8
Player 3 draws: 2
Player 3's discards: 2
Player 3's Hand: 8

Deck:  3, 6, 13, 7, 9, 10, 9, 13, 12, 11, 10, 3, 9, 10, 7, 6, 2, 13, 7, 3, 14, 8, 4, 14, 11, 5, 5, 12, 4, 2, 4, 12, 7, 3, 5, 8, 5, 4, 6, 10, 6, 11, 14, 9, 8, 11, 12, 14, 2

Player 1's Hand: 13
Player 1 draws: 3
Player 1's discards: 13
Player 1's Hand: 3

Deck:  6, 13, 7, 9, 10, 9, 13, 12, 11, 10, 3, 9, 10, 7, 6, 2, 13, 7, 3, 14, 8, 4, 14, 11, 5, 5, 12, 4, 2, 4, 12, 7, 3, 5, 8, 5, 4, 6, 10, 6, 11, 14, 9, 8, 11, 12, 14, 2, 13

Player 2's Hand: 2
Player 2 draws: 6
Player 2's discards: 2
Player 2's Hand: 6

Deck:  13, 7, 9, 10, 9, 13, 12, 11, 10, 3, 9, 10, 7, 6, 2, 13, 7, 3, 14, 8, 4, 14, 11, 5, 5, 12, 4, 2, 4, 12, 7, 3, 5, 8, 5, 4, 6, 10, 6, 11, 14, 9, 8, 11, 12, 14, 2, 13, 2

Player 3's Hand: 8
Player 3 draws: 13
Player 3's discards: 8
Player 3's Hand: 13

Deck:  7, 9, 10, 9, 13, 12, 11, 10, 3, 9, 10, 7, 6, 2, 13, 7, 3, 14, 8, 4, 14, 11, 5, 5, 12, 4, 2, 4, 12, 7, 3, 5, 8, 5, 4, 6, 10, 6, 11, 14, 9, 8, 11, 12, 14, 2, 13, 2, 8

Player 1's Hand: 3
Player 1 draws: 7
Player 1's discards: 3
Player 1's Hand: 7

Deck:  9, 10, 9, 13, 12, 11, 10, 3, 9, 10, 7, 6, 2, 13, 7, 3, 14, 8, 4, 14, 11, 5, 5, 12, 4, 2, 4, 12, 7, 3, 5, 8, 5, 4, 6, 10, 6, 11, 14, 9, 8, 11, 12, 14, 2, 13, 2, 8, 3

Player 2's Hand: 6
Player 2 draws: 9
Player 2's discards: 6
Player 2's Hand: 9

Deck:  10, 9, 13, 12, 11, 10, 3, 9, 10, 7, 6, 2, 13, 7, 3, 14, 8, 4, 14, 11, 5, 5, 12, 4, 2, 4, 12, 7, 3, 5, 8, 5, 4, 6, 10, 6, 11, 14, 9, 8, 11, 12, 14, 2, 13, 2, 8, 3, 6

Player 3's Hand: 13
Player 3 draws: 10
Player 3's discards: 10
Player 3's Hand: 13

Deck:  9, 13, 12, 11, 10, 3, 9, 10, 7, 6, 2, 13, 7, 3, 14, 8, 4, 14, 11, 5, 5, 12, 4, 2, 4, 12, 7, 3, 5, 8, 5, 4, 6, 10, 6, 11, 14, 9, 8, 11, 12, 14, 2, 13, 2, 8, 3, 6, 10

Player 1's Hand: 7
Player 1 draws: 9
Player 1's discards: 9
Player 1's Hand: 7

Deck:  13, 12, 11, 10, 3, 9, 10, 7, 6, 2, 13, 7, 3, 14, 8, 4, 14, 11, 5, 5, 12, 4, 2, 4, 12, 7, 3, 5, 8, 5, 4, 6, 10, 6, 11, 14, 9, 8, 11, 12, 14, 2, 13, 2, 8, 3, 6, 10, 9

Player 2's Hand: 9
Player 2 draws: 13
Player 2's discards: 13
Player 2's Hand: 9

Deck:  12, 11, 10, 3, 9, 10, 7, 6, 2, 13, 7, 3, 14, 8, 4, 14, 11, 5, 5, 12, 4, 2, 4, 12, 7, 3, 5, 8, 5, 4, 6, 10, 6, 11, 14, 9, 8, 11, 12, 14, 2, 13, 2, 8, 3, 6, 10, 9, 13

Player 3's Hand: 13
Player 3 draws: 12
Player 3's discards: 12
Player 3's Hand: 13

Deck:  11, 10, 3, 9, 10, 7, 6, 2, 13, 7, 3, 14, 8, 4, 14, 11, 5, 5, 12, 4, 2, 4, 12, 7, 3, 5, 8, 5, 4, 6, 10, 6, 11, 14, 9, 8, 11, 12, 14, 2, 13, 2, 8, 3, 6, 10, 9, 13, 12

Player 1's Hand: 7
Player 1 draws: 11
Player 1's discards: 7
Player 1's Hand: 11

Deck:  10, 3, 9, 10, 7, 6, 2, 13, 7, 3, 14, 8, 4, 14, 11, 5, 5, 12, 4, 2, 4, 12, 7, 3, 5, 8, 5, 4, 6, 10, 6, 11, 14, 9, 8, 11, 12, 14, 2, 13, 2, 8, 3, 6, 10, 9, 13, 12, 7

Player 2's Hand: 9
Player 2 draws: 10
Player 2's discards: 10
Player 2's Hand: 9

Deck:  3, 9, 10, 7, 6, 2, 13, 7, 3, 14, 8, 4, 14, 11, 5, 5, 12, 4, 2, 4, 12, 7, 3, 5, 8, 5, 4, 6, 10, 6, 11, 14, 9, 8, 11, 12, 14, 2, 13, 2, 8, 3, 6, 10, 9, 13, 12, 7, 10

Player 3's Hand: 13
Player 3 draws: 3
Player 3's discards: 3
Player 3's Hand: 13

Deck:  9, 10, 7, 6, 2, 13, 7, 3, 14, 8, 4, 14, 11, 5, 5, 12, 4, 2, 4, 12, 7, 3, 5, 8, 5, 4, 6, 10, 6, 11, 14, 9, 8, 11, 12, 14, 2, 13, 2, 8, 3, 6, 10, 9, 13, 12, 7, 10, 3

Player 1's Hand: 11
Player 1 draws: 9
Player 1's discards: 9
Player 1's Hand: 11

Deck:  10, 7, 6, 2, 13, 7, 3, 14, 8, 4, 14, 11, 5, 5, 12, 4, 2, 4, 12, 7, 3, 5, 8, 5, 4, 6, 10, 6, 11, 14, 9, 8, 11, 12, 14, 2, 13, 2, 8, 3, 6, 10, 9, 13, 12, 7, 10, 3, 9

Player 2's Hand: 9
Player 2 draws: 10
Player 2's discards: 9
Player 2's Hand: 10

Deck:  7, 6, 2, 13, 7, 3, 14, 8, 4, 14, 11, 5, 5, 12, 4, 2, 4, 12, 7, 3, 5, 8, 5, 4, 6, 10, 6, 11, 14, 9, 8, 11, 12, 14, 2, 13, 2, 8, 3, 6, 10, 9, 13, 12, 7, 10, 3, 9, 9

Player 3's Hand: 13
Player 3 draws: 7
Player 3's discards: 7
Player 3's Hand: 13

Deck:  6, 2, 13, 7, 3, 14, 8, 4, 14, 11, 5, 5, 12, 4, 2, 4, 12, 7, 3, 5, 8, 5, 4, 6, 10, 6, 11, 14, 9, 8, 11, 12, 14, 2, 13, 2, 8, 3, 6, 10, 9, 13, 12, 7, 10, 3, 9, 9, 7

Player 1's Hand: 11
Player 1 draws: 6
Player 1's discards: 6
Player 1's Hand: 11

Deck:  2, 13, 7, 3, 14, 8, 4, 14, 11, 5, 5, 12, 4, 2, 4, 12, 7, 3, 5, 8, 5, 4, 6, 10, 6, 11, 14, 9, 8, 11, 12, 14, 2, 13, 2, 8, 3, 6, 10, 9, 13, 12, 7, 10, 3, 9, 9, 7, 6

Player 2's Hand: 10
Player 2 draws: 2
Player 2's discards: 10
Player 2's Hand: 2

Deck:  13, 7, 3, 14, 8, 4, 14, 11, 5, 5, 12, 4, 2, 4, 12, 7, 3, 5, 8, 5, 4, 6, 10, 6, 11, 14, 9, 8, 11, 12, 14, 2, 13, 2, 8, 3, 6, 10, 9, 13, 12, 7, 10, 3, 9, 9, 7, 6, 10

Player 3's Hand: 13
Player 3 draws: 13
Player 3's Hand: 13, 13
Player 3 has won.

Deck:  7, 3, 14, 8, 4, 14, 11, 5, 5, 12, 4, 2, 4, 12, 7, 3, 5, 8, 5, 4, 6, 10, 6, 11, 14, 9, 8, 11, 12, 14, 2, 13, 2, 8, 3, 6, 10, 9, 13, 12, 7, 10, 3, 9, 9, 7, 6, 10

Dealer shuffling.

Round 2
---------------------------

Deck:  12, 9, 9, 8, 10, 14, 13, 6, 6, 11, 8, 9, 5, 11, 8, 3, 11, 5, 14, 10, 13, 10, 2, 4, 3, 4, 6, 14, 12, 8, 11, 5, 7, 2, 14, 13, 4, 7, 13, 3, 7, 12, 9, 10, 4, 3, 7, 6, 12

Player 2's Hand: 2
Player 2 draws: 12
Player 2's discards: 2
Player 2's Hand: 12

Deck:  9, 9, 8, 10, 14, 13, 6, 6, 11, 8, 9, 5, 11, 8, 3, 11, 5, 14, 10, 13, 10, 2, 4, 3, 4, 6, 14, 12, 8, 11, 5, 7, 2, 14, 13, 4, 7, 13, 3, 7, 12, 9, 10, 4, 3, 7, 6, 12, 2

Player 3's Hand: 5
Player 3 draws: 9
Player 3's discards: 5
Player 3's Hand: 9

Deck:  9, 8, 10, 14, 13, 6, 6, 11, 8, 9, 5, 11, 8, 3, 11, 5, 14, 10, 13, 10, 2, 4, 3, 4, 6, 14, 12, 8, 11, 5, 7, 2, 14, 13, 4, 7, 13, 3, 7, 12, 9, 10, 4, 3, 7, 6, 12, 2, 5

Player 1's Hand: 2
Player 1 draws: 9
Player 1's discards: 9
Player 1's Hand: 2

Deck:  8, 10, 14, 13, 6, 6, 11, 8, 9, 5, 11, 8, 3, 11, 5, 14, 10, 13, 10, 2, 4, 3, 4, 6, 14, 12, 8, 11, 5, 7, 2, 14, 13, 4, 7, 13, 3, 7, 12, 9, 10, 4, 3, 7, 6, 12, 2, 5, 9

Player 2's Hand: 12
Player 2 draws: 8
Player 2's discards: 8
Player 2's Hand: 12

Deck:  10, 14, 13, 6, 6, 11, 8, 9, 5, 11, 8, 3, 11, 5, 14, 10, 13, 10, 2, 4, 3, 4, 6, 14, 12, 8, 11, 5, 7, 2, 14, 13, 4, 7, 13, 3, 7, 12, 9, 10, 4, 3, 7, 6, 12, 2, 5, 9, 8

Player 3's Hand: 9
Player 3 draws: 10
Player 3's discards: 9
Player 3's Hand: 10

Deck:  14, 13, 6, 6, 11, 8, 9, 5, 11, 8, 3, 11, 5, 14, 10, 13, 10, 2, 4, 3, 4, 6, 14, 12, 8, 11, 5, 7, 2, 14, 13, 4, 7, 13, 3, 7, 12, 9, 10, 4, 3, 7, 6, 12, 2, 5, 9, 8, 9

Player 1's Hand: 2
Player 1 draws: 14
Player 1's discards: 2
Player 1's Hand: 14

Deck:  13, 6, 6, 11, 8, 9, 5, 11, 8, 3, 11, 5, 14, 10, 13, 10, 2, 4, 3, 4, 6, 14, 12, 8, 11, 5, 7, 2, 14, 13, 4, 7, 13, 3, 7, 12, 9, 10, 4, 3, 7, 6, 12, 2, 5, 9, 8, 9, 2

Player 2's Hand: 12
Player 2 draws: 13
Player 2's discards: 12
Player 2's Hand: 13

Deck:  6, 6, 11, 8, 9, 5, 11, 8, 3, 11, 5, 14, 10, 13, 10, 2, 4, 3, 4, 6, 14, 12, 8, 11, 5, 7, 2, 14, 13, 4, 7, 13, 3, 7, 12, 9, 10, 4, 3, 7, 6, 12, 2, 5, 9, 8, 9, 2, 12

Player 3's Hand: 10
Player 3 draws: 6
Player 3's discards: 10
Player 3's Hand: 6

Deck:  6, 11, 8, 9, 5, 11, 8, 3, 11, 5, 14, 10, 13, 10, 2, 4, 3, 4, 6, 14, 12, 8, 11, 5, 7, 2, 14, 13, 4, 7, 13, 3, 7, 12, 9, 10, 4, 3, 7, 6, 12, 2, 5, 9, 8, 9, 2, 12, 10

Player 1's Hand: 14
Player 1 draws: 6
Player 1's discards: 6
Player 1's Hand: 14

Deck:  11, 8, 9, 5, 11, 8, 3, 11, 5, 14, 10, 13, 10, 2, 4, 3, 4, 6, 14, 12, 8, 11, 5, 7, 2, 14, 13, 4, 7, 13, 3, 7, 12, 9, 10, 4, 3, 7, 6, 12, 2, 5, 9, 8, 9, 2, 12, 10, 6

Player 2's Hand: 13
Player 2 draws: 11
Player 2's discards: 13
Player 2's Hand: 11

Deck:  8, 9, 5, 11, 8, 3, 11, 5, 14, 10, 13, 10, 2, 4, 3, 4, 6, 14, 12, 8, 11, 5, 7, 2, 14, 13, 4, 7, 13, 3, 7, 12, 9, 10, 4, 3, 7, 6, 12, 2, 5, 9, 8, 9, 2, 12, 10, 6, 13

Player 3's Hand: 6
Player 3 draws: 8
Player 3's discards: 6
Player 3's Hand: 8

Deck:  9, 5, 11, 8, 3, 11, 5, 14, 10, 13, 10, 2, 4, 3, 4, 6, 14, 12, 8, 11, 5, 7, 2, 14, 13, 4, 7, 13, 3, 7, 12, 9, 10, 4, 3, 7, 6, 12, 2, 5, 9, 8, 9, 2, 12, 10, 6, 13, 6

Player 1's Hand: 14
Player 1 draws: 9
Player 1's discards: 14
Player 1's Hand: 9

Deck:  5, 11, 8, 3, 11, 5, 14, 10, 13, 10, 2, 4, 3, 4, 6, 14, 12, 8, 11, 5, 7, 2, 14, 13, 4, 7, 13, 3, 7, 12, 9, 10, 4, 3, 7, 6, 12, 2, 5, 9, 8, 9, 2, 12, 10, 6, 13, 6, 14

Player 2's Hand: 11
Player 2 draws: 5
Player 2's discards: 11
Player 2's Hand: 5

Deck:  11, 8, 3, 11, 5, 14, 10, 13, 10, 2, 4, 3, 4, 6, 14, 12, 8, 11, 5, 7, 2, 14, 13, 4, 7, 13, 3, 7, 12, 9, 10, 4, 3, 7, 6, 12, 2, 5, 9, 8, 9, 2, 12, 10, 6, 13, 6, 14, 11

Player 3's Hand: 8
Player 3 draws: 11
Player 3's discards: 11
Player 3's Hand: 8

Deck:  8, 3, 11, 5, 14, 10, 13, 10, 2, 4, 3, 4, 6, 14, 12, 8, 11, 5, 7, 2, 14, 13, 4, 7, 13, 3, 7, 12, 9, 10, 4, 3, 7, 6, 12, 2, 5, 9, 8, 9, 2, 12, 10, 6, 13, 6, 14, 11, 11

Player 1's Hand: 9
Player 1 draws: 8
Player 1's discards: 9
Player 1's Hand: 8

Deck:  3, 11, 5, 14, 10, 13, 10, 2, 4, 3, 4, 6, 14, 12, 8, 11, 5, 7, 2, 14, 13, 4, 7, 13, 3, 7, 12, 9, 10, 4, 3, 7, 6, 12, 2, 5, 9, 8, 9, 2, 12, 10, 6, 13, 6, 14, 11, 11, 9

Player 2's Hand: 5
Player 2 draws: 3
Player 2's discards: 3
Player 2's Hand: 5

Deck:  11, 5, 14, 10, 13, 10, 2, 4, 3, 4, 6, 14, 12, 8, 11, 5, 7, 2, 14, 13, 4, 7, 13, 3, 7, 12, 9, 10, 4, 3, 7, 6, 12, 2, 5, 9, 8, 9, 2, 12, 10, 6, 13, 6, 14, 11, 11, 9, 3

Player 3's Hand: 8
Player 3 draws: 11
Player 3's discards: 11
Player 3's Hand: 8

Deck:  5, 14, 10, 13, 10, 2, 4, 3, 4, 6, 14, 12, 8, 11, 5, 7, 2, 14, 13, 4, 7, 13, 3, 7, 12, 9, 10, 4, 3, 7, 6, 12, 2, 5, 9, 8, 9, 2, 12, 10, 6, 13, 6, 14, 11, 11, 9, 3, 11

Player 1's Hand: 8
Player 1 draws: 5
Player 1's discards: 8
Player 1's Hand: 5

Deck:  14, 10, 13, 10, 2, 4, 3, 4, 6, 14, 12, 8, 11, 5, 7, 2, 14, 13, 4, 7, 13, 3, 7, 12, 9, 10, 4, 3, 7, 6, 12, 2, 5, 9, 8, 9, 2, 12, 10, 6, 13, 6, 14, 11, 11, 9, 3, 11, 8

Player 2's Hand: 5
Player 2 draws: 14
Player 2's discards: 5
Player 2's Hand: 14

Deck:  10, 13, 10, 2, 4, 3, 4, 6, 14, 12, 8, 11, 5, 7, 2, 14, 13, 4, 7, 13, 3, 7, 12, 9, 10, 4, 3, 7, 6, 12, 2, 5, 9, 8, 9, 2, 12, 10, 6, 13, 6, 14, 11, 11, 9, 3, 11, 8, 5

Player 3's Hand: 8
Player 3 draws: 10
Player 3's discards: 10
Player 3's Hand: 8

Deck:  13, 10, 2, 4, 3, 4, 6, 14, 12, 8, 11, 5, 7, 2, 14, 13, 4, 7, 13, 3, 7, 12, 9, 10, 4, 3, 7, 6, 12, 2, 5, 9, 8, 9, 2, 12, 10, 6, 13, 6, 14, 11, 11, 9, 3, 11, 8, 5, 10

Player 1's Hand: 5
Player 1 draws: 13
Player 1's discards: 13
Player 1's Hand: 5

Deck:  10, 2, 4, 3, 4, 6, 14, 12, 8, 11, 5, 7, 2, 14, 13, 4, 7, 13, 3, 7, 12, 9, 10, 4, 3, 7, 6, 12, 2, 5, 9, 8, 9, 2, 12, 10, 6, 13, 6, 14, 11, 11, 9, 3, 11, 8, 5, 10, 13

Player 2's Hand: 14
Player 2 draws: 10
Player 2's discards: 10
Player 2's Hand: 14

Deck:  2, 4, 3, 4, 6, 14, 12, 8, 11, 5, 7, 2, 14, 13, 4, 7, 13, 3, 7, 12, 9, 10, 4, 3, 7, 6, 12, 2, 5, 9, 8, 9, 2, 12, 10, 6, 13, 6, 14, 11, 11, 9, 3, 11, 8, 5, 10, 13, 10

Player 3's Hand: 8
Player 3 draws: 2
Player 3's discards: 2
Player 3's Hand: 8

Deck:  4, 3, 4, 6, 14, 12, 8, 11, 5, 7, 2, 14, 13, 4, 7, 13, 3, 7, 12, 9, 10, 4, 3, 7, 6, 12, 2, 5, 9, 8, 9, 2, 12, 10, 6, 13, 6, 14, 11, 11, 9, 3, 11, 8, 5, 10, 13, 10, 2

Player 1's Hand: 5
Player 1 draws: 4
Player 1's discards: 5
Player 1's Hand: 4

Deck:  3, 4, 6, 14, 12, 8, 11, 5, 7, 2, 14, 13, 4, 7, 13, 3, 7, 12, 9, 10, 4, 3, 7, 6, 12, 2, 5, 9, 8, 9, 2, 12, 10, 6, 13, 6, 14, 11, 11, 9, 3, 11, 8, 5, 10, 13, 10, 2, 5

Player 2's Hand: 14
Player 2 draws: 3
Player 2's discards: 3
Player 2's Hand: 14

Deck:  4, 6, 14, 12, 8, 11, 5, 7, 2, 14, 13, 4, 7, 13, 3, 7, 12, 9, 10, 4, 3, 7, 6, 12, 2, 5, 9, 8, 9, 2, 12, 10, 6, 13, 6, 14, 11, 11, 9, 3, 11, 8, 5, 10, 13, 10, 2, 5, 3

Player 3's Hand: 8
Player 3 draws: 4
Player 3's discards: 4
Player 3's Hand: 8

Deck:  6, 14, 12, 8, 11, 5, 7, 2, 14, 13, 4, 7, 13, 3, 7, 12, 9, 10, 4, 3, 7, 6, 12, 2, 5, 9, 8, 9, 2, 12, 10, 6, 13, 6, 14, 11, 11, 9, 3, 11, 8, 5, 10, 13, 10, 2, 5, 3, 4

Player 1's Hand: 4
Player 1 draws: 6
Player 1's discards: 4
Player 1's Hand: 6

Deck:  14, 12, 8, 11, 5, 7, 2, 14, 13, 4, 7, 13, 3, 7, 12, 9, 10, 4, 3, 7, 6, 12, 2, 5, 9, 8, 9, 2, 12, 10, 6, 13, 6, 14, 11, 11, 9, 3, 11, 8, 5, 10, 13, 10, 2, 5, 3, 4, 4

Player 2's Hand: 14
Player 2 draws: 14
Player 2's Hand: 14, 14
Player 2 has won.

Deck:  12, 8, 11, 5, 7, 2, 14, 13, 4, 7, 13, 3, 7, 12, 9, 10, 4, 3, 7, 6, 12, 2, 5, 9, 8, 9, 2, 12, 10, 6, 13, 6, 14, 11, 11, 9, 3, 11, 8, 5, 10, 13, 10, 2, 5, 3, 4, 4

Dealer shuffling.

Round 3
---------------------------

Deck:  7, 3, 12, 12, 13, 5, 10, 14, 4, 14, 5, 10, 6, 8, 8, 3, 3, 13, 4, 7, 8, 2, 5, 12, 9, 4, 13, 9, 12, 11, 11, 10, 14, 14, 3, 9, 10, 5, 6, 6, 6, 7, 4, 7, 11, 2, 9, 2, 11

Player 3's Hand: 8
Player 3 draws: 7
Player 3's discards: 8
Player 3's Hand: 7

Deck:  3, 12, 12, 13, 5, 10, 14, 4, 14, 5, 10, 6, 8, 8, 3, 3, 13, 4, 7, 8, 2, 5, 12, 9, 4, 13, 9, 12, 11, 11, 10, 14, 14, 3, 9, 10, 5, 6, 6, 6, 7, 4, 7, 11, 2, 9, 2, 11, 8

Player 1's Hand: 2
Player 1 draws: 3
Player 1's discards: 2
Player 1's Hand: 3

Deck:  12, 12, 13, 5, 10, 14, 4, 14, 5, 10, 6, 8, 8, 3, 3, 13, 4, 7, 8, 2, 5, 12, 9, 4, 13, 9, 12, 11, 11, 10, 14, 14, 3, 9, 10, 5, 6, 6, 6, 7, 4, 7, 11, 2, 9, 2, 11, 8, 2

Player 2's Hand: 13
Player 2 draws: 12
Player 2's discards: 13
Player 2's Hand: 12

Deck:  12, 13, 5, 10, 14, 4, 14, 5, 10, 6, 8, 8, 3, 3, 13, 4, 7, 8, 2, 5, 12, 9, 4, 13, 9, 12, 11, 11, 10, 14, 14, 3, 9, 10, 5, 6, 6, 6, 7, 4, 7, 11, 2, 9, 2, 11, 8, 2, 13

Player 3's Hand: 7
Player 3 draws: 12
Player 3's discards: 12
Player 3's Hand: 7

Deck:  13, 5, 10, 14, 4, 14, 5, 10, 6, 8, 8, 3, 3, 13, 4, 7, 8, 2, 5, 12, 9, 4, 13, 9, 12, 11, 11, 10, 14, 14, 3, 9, 10, 5, 6, 6, 6, 7, 4, 7, 11, 2, 9, 2, 11, 8, 2, 13, 12

Player 1's Hand: 3
Player 1 draws: 13
Player 1's discards: 3
Player 1's Hand: 13

Deck:  5, 10, 14, 4, 14, 5, 10, 6, 8, 8, 3, 3, 13, 4, 7, 8, 2, 5, 12, 9, 4, 13, 9, 12, 11, 11, 10, 14, 14, 3, 9, 10, 5, 6, 6, 6, 7, 4, 7, 11, 2, 9, 2, 11, 8, 2, 13, 12, 3

Player 2's Hand: 12
Player 2 draws: 5
Player 2's discards: 12
Player 2's Hand: 5

Deck:  10, 14, 4, 14, 5, 10, 6, 8, 8, 3, 3, 13, 4, 7, 8, 2, 5, 12, 9, 4, 13, 9, 12, 11, 11, 10, 14, 14, 3, 9, 10, 5, 6, 6, 6, 7, 4, 7, 11, 2, 9, 2, 11, 8, 2, 13, 12, 3, 12

Player 3's Hand: 7
Player 3 draws: 10
Player 3's discards: 10
Player 3's Hand: 7

Deck:  14, 4, 14, 5, 10, 6, 8, 8, 3, 3, 13, 4, 7, 8, 2, 5, 12, 9, 4, 13, 9, 12, 11, 11, 10, 14, 14, 3, 9, 10, 5, 6, 6, 6, 7, 4, 7, 11, 2, 9, 2, 11, 8, 2, 13, 12, 3, 12, 10

Player 1's Hand: 13
Player 1 draws: 14
Player 1's discards: 13
Player 1's Hand: 14

Deck:  4, 14, 5, 10, 6, 8, 8, 3, 3, 13, 4, 7, 8, 2, 5, 12, 9, 4, 13, 9, 12, 11, 11, 10, 14, 14, 3, 9, 10, 5, 6, 6, 6, 7, 4, 7, 11, 2, 9, 2, 11, 8, 2, 13, 12, 3, 12, 10, 13

Player 2's Hand: 5
Player 2 draws: 4
Player 2's discards: 4
Player 2's Hand: 5

Deck:  14, 5, 10, 6, 8, 8, 3, 3, 13, 4, 7, 8, 2, 5, 12, 9, 4, 13, 9, 12, 11, 11, 10, 14, 14, 3, 9, 10, 5, 6, 6, 6, 7, 4, 7, 11, 2, 9, 2, 11, 8, 2, 13, 12, 3, 12, 10, 13, 4

Player 3's Hand: 7
Player 3 draws: 14
Player 3's discards: 7
Player 3's Hand: 14

Deck:  5, 10, 6, 8, 8, 3, 3, 13, 4, 7, 8, 2, 5, 12, 9, 4, 13, 9, 12, 11, 11, 10, 14, 14, 3, 9, 10, 5, 6, 6, 6, 7, 4, 7, 11, 2, 9, 2, 11, 8, 2, 13, 12, 3, 12, 10, 13, 4, 7

Player 1's Hand: 14
Player 1 draws: 5
Player 1's discards: 5
Player 1's Hand: 14

Deck:  10, 6, 8, 8, 3, 3, 13, 4, 7, 8, 2, 5, 12, 9, 4, 13, 9, 12, 11, 11, 10, 14, 14, 3, 9, 10, 5, 6, 6, 6, 7, 4, 7, 11, 2, 9, 2, 11, 8, 2, 13, 12, 3, 12, 10, 13, 4, 7, 5

Player 2's Hand: 5
Player 2 draws: 10
Player 2's discards: 10
Player 2's Hand: 5

Deck:  6, 8, 8, 3, 3, 13, 4, 7, 8, 2, 5, 12, 9, 4, 13, 9, 12, 11, 11, 10, 14, 14, 3, 9, 10, 5, 6, 6, 6, 7, 4, 7, 11, 2, 9, 2, 11, 8, 2, 13, 12, 3, 12, 10, 13, 4, 7, 5, 10

Player 3's Hand: 14
Player 3 draws: 6
Player 3's discards: 14
Player 3's Hand: 6

Deck:  8, 8, 3, 3, 13, 4, 7, 8, 2, 5, 12, 9, 4, 13, 9, 12, 11, 11, 10, 14, 14, 3, 9, 10, 5, 6, 6, 6, 7, 4, 7, 11, 2, 9, 2, 11, 8, 2, 13, 12, 3, 12, 10, 13, 4, 7, 5, 10, 14

Player 1's Hand: 14
Player 1 draws: 8
Player 1's discards: 8
Player 1's Hand: 14

Deck:  8, 3, 3, 13, 4, 7, 8, 2, 5, 12, 9, 4, 13, 9, 12, 11, 11, 10, 14, 14, 3, 9, 10, 5, 6, 6, 6, 7, 4, 7, 11, 2, 9, 2, 11, 8, 2, 13, 12, 3, 12, 10, 13, 4, 7, 5, 10, 14, 8

Player 2's Hand: 5
Player 2 draws: 8
Player 2's discards: 5
Player 2's Hand: 8

Deck:  3, 3, 13, 4, 7, 8, 2, 5, 12, 9, 4, 13, 9, 12, 11, 11, 10, 14, 14, 3, 9, 10, 5, 6, 6, 6, 7, 4, 7, 11, 2, 9, 2, 11, 8, 2, 13, 12, 3, 12, 10, 13, 4, 7, 5, 10, 14, 8, 5

Player 3's Hand: 6
Player 3 draws: 3
Player 3's discards: 3
Player 3's Hand: 6

Deck:  3, 13, 4, 7, 8, 2, 5, 12, 9, 4, 13, 9, 12, 11, 11, 10, 14, 14, 3, 9, 10, 5, 6, 6, 6, 7, 4, 7, 11, 2, 9, 2, 11, 8, 2, 13, 12, 3, 12, 10, 13, 4, 7, 5, 10, 14, 8, 5, 3

Player 1's Hand: 14
Player 1 draws: 3
Player 1's discards: 3
Player 1's Hand: 14

Deck:  13, 4, 7, 8, 2, 5, 12, 9, 4, 13, 9, 12, 11, 11, 10, 14, 14, 3, 9, 10, 5, 6, 6, 6, 7, 4, 7, 11, 2, 9, 2, 11, 8, 2, 13, 12, 3, 12, 10, 13, 4, 7, 5, 10, 14, 8, 5, 3, 3

Player 2's Hand: 8
Player 2 draws: 13
Player 2's discards: 8
Player 2's Hand: 13

Deck:  4, 7, 8, 2, 5, 12, 9, 4, 13, 9, 12, 11, 11, 10, 14, 14, 3, 9, 10, 5, 6, 6, 6, 7, 4, 7, 11, 2, 9, 2, 11, 8, 2, 13, 12, 3, 12, 10, 13, 4, 7, 5, 10, 14, 8, 5, 3, 3, 8

Player 3's Hand: 6
Player 3 draws: 4
Player 3's discards: 6
Player 3's Hand: 4

Deck:  7, 8, 2, 5, 12, 9, 4, 13, 9, 12, 11, 11, 10, 14, 14, 3, 9, 10, 5, 6, 6, 6, 7, 4, 7, 11, 2, 9, 2, 11, 8, 2, 13, 12, 3, 12, 10, 13, 4, 7, 5, 10, 14, 8, 5, 3, 3, 8, 6

Player 1's Hand: 14
Player 1 draws: 7
Player 1's discards: 14
Player 1's Hand: 7

Deck:  8, 2, 5, 12, 9, 4, 13, 9, 12, 11, 11, 10, 14, 14, 3, 9, 10, 5, 6, 6, 6, 7, 4, 7, 11, 2, 9, 2, 11, 8, 2, 13, 12, 3, 12, 10, 13, 4, 7, 5, 10, 14, 8, 5, 3, 3, 8, 6, 14

Player 2's Hand: 13
Player 2 draws: 8
Player 2's discards: 13
Player 2's Hand: 8

Deck:  2, 5, 12, 9, 4, 13, 9, 12, 11, 11, 10, 14, 14, 3, 9, 10, 5, 6, 6, 6, 7, 4, 7, 11, 2, 9, 2, 11, 8, 2, 13, 12, 3, 12, 10, 13, 4, 7, 5, 10, 14, 8, 5, 3, 3, 8, 6, 14, 13

Player 3's Hand: 4
Player 3 draws: 2
Player 3's discards: 2
Player 3's Hand: 4

Deck:  5, 12, 9, 4, 13, 9, 12, 11, 11, 10, 14, 14, 3, 9, 10, 5, 6, 6, 6, 7, 4, 7, 11, 2, 9, 2, 11, 8, 2, 13, 12, 3, 12, 10, 13, 4, 7, 5, 10, 14, 8, 5, 3, 3, 8, 6, 14, 13, 2

Player 1's Hand: 7
Player 1 draws: 5
Player 1's discards: 7
Player 1's Hand: 5

Deck:  12, 9, 4, 13, 9, 12, 11, 11, 10, 14, 14, 3, 9, 10, 5, 6, 6, 6, 7, 4, 7, 11, 2, 9, 2, 11, 8, 2, 13, 12, 3, 12, 10, 13, 4, 7, 5, 10, 14, 8, 5, 3, 3, 8, 6, 14, 13, 2, 7

Player 2's Hand: 8
Player 2 draws: 12
Player 2's discards: 12
Player 2's Hand: 8

Deck:  9, 4, 13, 9, 12, 11, 11, 10, 14, 14, 3, 9, 10, 5, 6, 6, 6, 7, 4, 7, 11, 2, 9, 2, 11, 8, 2, 13, 12, 3, 12, 10, 13, 4, 7, 5, 10, 14, 8, 5, 3, 3, 8, 6, 14, 13, 2, 7, 12

Player 3's Hand: 4
Player 3 draws: 9
Player 3's discards: 9
Player 3's Hand: 4

Deck:  4, 13, 9, 12, 11, 11, 10, 14, 14, 3, 9, 10, 5, 6, 6, 6, 7, 4, 7, 11, 2, 9, 2, 11, 8, 2, 13, 12, 3, 12, 10, 13, 4, 7, 5, 10, 14, 8, 5, 3, 3, 8, 6, 14, 13, 2, 7, 12, 9

Player 1's Hand: 5
Player 1 draws: 4
Player 1's discards: 5
Player 1's Hand: 4

Deck:  13, 9, 12, 11, 11, 10, 14, 14, 3, 9, 10, 5, 6, 6, 6, 7, 4, 7, 11, 2, 9, 2, 11, 8, 2, 13, 12, 3, 12, 10, 13, 4, 7, 5, 10, 14, 8, 5, 3, 3, 8, 6, 14, 13, 2, 7, 12, 9, 5

Player 2's Hand: 8
Player 2 draws: 13
Player 2's discards: 8
Player 2's Hand: 13

Deck:  9, 12, 11, 11, 10, 14, 14, 3, 9, 10, 5, 6, 6, 6, 7, 4, 7, 11, 2, 9, 2, 11, 8, 2, 13, 12, 3, 12, 10, 13, 4, 7, 5, 10, 14, 8, 5, 3, 3, 8, 6, 14, 13, 2, 7, 12, 9, 5, 8

Player 3's Hand: 4
Player 3 draws: 9
Player 3's discards: 9
Player 3's Hand: 4

Deck:  12, 11, 11, 10, 14, 14, 3, 9, 10, 5, 6, 6, 6, 7, 4, 7, 11, 2, 9, 2, 11, 8, 2, 13, 12, 3, 12, 10, 13, 4, 7, 5, 10, 14, 8, 5, 3, 3, 8, 6, 14, 13, 2, 7, 12, 9, 5, 8, 9

Player 1's Hand: 4
Player 1 draws: 12
Player 1's discards: 12
Player 1's Hand: 4

Deck:  11, 11, 10, 14, 14, 3, 9, 10, 5, 6, 6, 6, 7, 4, 7, 11, 2, 9, 2, 11, 8, 2, 13, 12, 3, 12, 10, 13, 4, 7, 5, 10, 14, 8, 5, 3, 3, 8, 6, 14, 13, 2, 7, 12, 9, 5, 8, 9, 12

Player 2's Hand: 13
Player 2 draws: 11
Player 2's discards: 11
Player 2's Hand: 13

Deck:  11, 10, 14, 14, 3, 9, 10, 5, 6, 6, 6, 7, 4, 7, 11, 2, 9, 2, 11, 8, 2, 13, 12, 3, 12, 10, 13, 4, 7, 5, 10, 14, 8, 5, 3, 3, 8, 6, 14, 13, 2, 7, 12, 9, 5, 8, 9, 12, 11

Player 3's Hand: 4
Player 3 draws: 11
Player 3's discards: 4
Player 3's Hand: 11

Deck:  10, 14, 14, 3, 9, 10, 5, 6, 6, 6, 7, 4, 7, 11, 2, 9, 2, 11, 8, 2, 13, 12, 3, 12, 10, 13, 4, 7, 5, 10, 14, 8, 5, 3, 3, 8, 6, 14, 13, 2, 7, 12, 9, 5, 8, 9, 12, 11, 4

Player 1's Hand: 4
Player 1 draws: 10
Player 1's discards: 10
Player 1's Hand: 4

Deck:  14, 14, 3, 9, 10, 5, 6, 6, 6, 7, 4, 7, 11, 2, 9, 2, 11, 8, 2, 13, 12, 3, 12, 10, 13, 4, 7, 5, 10, 14, 8, 5, 3, 3, 8, 6, 14, 13, 2, 7, 12, 9, 5, 8, 9, 12, 11, 4, 10

Player 2's Hand: 13
Player 2 draws: 14
Player 2's discards: 13
Player 2's Hand: 14

Deck:  14, 3, 9, 10, 5, 6, 6, 6, 7, 4, 7, 11, 2, 9, 2, 11, 8, 2, 13, 12, 3, 12, 10, 13, 4, 7, 5, 10, 14, 8, 5, 3, 3, 8, 6, 14, 13, 2, 7, 12, 9, 5, 8, 9, 12, 11, 4, 10, 13

Player 3's Hand: 11
Player 3 draws: 14
Player 3's discards: 14
Player 3's Hand: 11

Deck:  3, 9, 10, 5, 6, 6, 6, 7, 4, 7, 11, 2, 9, 2, 11, 8, 2, 13, 12, 3, 12, 10, 13, 4, 7, 5, 10, 14, 8, 5, 3, 3, 8, 6, 14, 13, 2, 7, 12, 9, 5, 8, 9, 12, 11, 4, 10, 13, 14

Player 1's Hand: 4
Player 1 draws: 3
Player 1's discards: 3
Player 1's Hand: 4

Deck:  9, 10, 5, 6, 6, 6, 7, 4, 7, 11, 2, 9, 2, 11, 8, 2, 13, 12, 3, 12, 10, 13, 4, 7, 5, 10, 14, 8, 5, 3, 3, 8, 6, 14, 13, 2, 7, 12, 9, 5, 8, 9, 12, 11, 4, 10, 13, 14, 3

Player 2's Hand: 14
Player 2 draws: 9
Player 2's discards: 14
Player 2's Hand: 9

Deck:  10, 5, 6, 6, 6, 7, 4, 7, 11, 2, 9, 2, 11, 8, 2, 13, 12, 3, 12, 10, 13, 4, 7, 5, 10, 14, 8, 5, 3, 3, 8, 6, 14, 13, 2, 7, 12, 9, 5, 8, 9, 12, 11, 4, 10, 13, 14, 3, 14

Player 3's Hand: 11
Player 3 draws: 10
Player 3's discards: 10
Player 3's Hand: 11

Deck:  5, 6, 6, 6, 7, 4, 7, 11, 2, 9, 2, 11, 8, 2, 13, 12, 3, 12, 10, 13, 4, 7, 5, 10, 14, 8, 5, 3, 3, 8, 6, 14, 13, 2, 7, 12, 9, 5, 8, 9, 12, 11, 4, 10, 13, 14, 3, 14, 10

Player 1's Hand: 4
Player 1 draws: 5
Player 1's discards: 4
Player 1's Hand: 5

Deck:  6, 6, 6, 7, 4, 7, 11, 2, 9, 2, 11, 8, 2, 13, 12, 3, 12, 10, 13, 4, 7, 5, 10, 14, 8, 5, 3, 3, 8, 6, 14, 13, 2, 7, 12, 9, 5, 8, 9, 12, 11, 4, 10, 13, 14, 3, 14, 10, 4

Player 2's Hand: 9
Player 2 draws: 6
Player 2's discards: 9
Player 2's Hand: 6

Deck:  6, 6, 7, 4, 7, 11, 2, 9, 2, 11, 8, 2, 13, 12, 3, 12, 10, 13, 4, 7, 5, 10, 14, 8, 5, 3, 3, 8, 6, 14, 13, 2, 7, 12, 9, 5, 8, 9, 12, 11, 4, 10, 13, 14, 3, 14, 10, 4, 9

Player 3's Hand: 11
Player 3 draws: 6
Player 3's discards: 11
Player 3's Hand: 6

Deck:  6, 7, 4, 7, 11, 2, 9, 2, 11, 8, 2, 13, 12, 3, 12, 10, 13, 4, 7, 5, 10, 14, 8, 5, 3, 3, 8, 6, 14, 13, 2, 7, 12, 9, 5, 8, 9, 12, 11, 4, 10, 13, 14, 3, 14, 10, 4, 9, 11

Player 1's Hand: 5
Player 1 draws: 6
Player 1's discards: 5
Player 1's Hand: 6

Deck:  7, 4, 7, 11, 2, 9, 2, 11, 8, 2, 13, 12, 3, 12, 10, 13, 4, 7, 5, 10, 14, 8, 5, 3, 3, 8, 6, 14, 13, 2, 7, 12, 9, 5, 8, 9, 12, 11, 4, 10, 13, 14, 3, 14, 10, 4, 9, 11, 5

Player 2's Hand: 6
Player 2 draws: 7
Player 2's discards: 6
Player 2's Hand: 7

Deck:  4, 7, 11, 2, 9, 2, 11, 8, 2, 13, 12, 3, 12, 10, 13, 4, 7, 5, 10, 14, 8, 5, 3, 3, 8, 6, 14, 13, 2, 7, 12, 9, 5, 8, 9, 12, 11, 4, 10, 13, 14, 3, 14, 10, 4, 9, 11, 5, 6

Player 3's Hand: 6
Player 3 draws: 4
Player 3's discards: 4
Player 3's Hand: 6

Deck:  7, 11, 2, 9, 2, 11, 8, 2, 13, 12, 3, 12, 10, 13, 4, 7, 5, 10, 14, 8, 5, 3, 3, 8, 6, 14, 13, 2, 7, 12, 9, 5, 8, 9, 12, 11, 4, 10, 13, 14, 3, 14, 10, 4, 9, 11, 5, 6, 4

Player 1's Hand: 6
Player 1 draws: 7
Player 1's discards: 6
Player 1's Hand: 7

Deck:  11, 2, 9, 2, 11, 8, 2, 13, 12, 3, 12, 10, 13, 4, 7, 5, 10, 14, 8, 5, 3, 3, 8, 6, 14, 13, 2, 7, 12, 9, 5, 8, 9, 12, 11, 4, 10, 13, 14, 3, 14, 10, 4, 9, 11, 5, 6, 4, 6

Player 2's Hand: 7
Player 2 draws: 11
Player 2's discards: 11
Player 2's Hand: 7

Deck:  2, 9, 2, 11, 8, 2, 13, 12, 3, 12, 10, 13, 4, 7, 5, 10, 14, 8, 5, 3, 3, 8, 6, 14, 13, 2, 7, 12, 9, 5, 8, 9, 12, 11, 4, 10, 13, 14, 3, 14, 10, 4, 9, 11, 5, 6, 4, 6, 11

Player 3's Hand: 6
Player 3 draws: 2
Player 3's discards: 2
Player 3's Hand: 6

Deck:  9, 2, 11, 8, 2, 13, 12, 3, 12, 10, 13, 4, 7, 5, 10, 14, 8, 5, 3, 3, 8, 6, 14, 13, 2, 7, 12, 9, 5, 8, 9, 12, 11, 4, 10, 13, 14, 3, 14, 10, 4, 9, 11, 5, 6, 4, 6, 11, 2

Player 1's Hand: 7
Player 1 draws: 9
Player 1's discards: 9
Player 1's Hand: 7

Deck:  2, 11, 8, 2, 13, 12, 3, 12, 10, 13, 4, 7, 5, 10, 14, 8, 5, 3, 3, 8, 6, 14, 13, 2, 7, 12, 9, 5, 8, 9, 12, 11, 4, 10, 13, 14, 3, 14, 10, 4, 9, 11, 5, 6, 4, 6, 11, 2, 9

Player 2's Hand: 7
Player 2 draws: 2
Player 2's discards: 2
Player 2's Hand: 7

Deck:  11, 8, 2, 13, 12, 3, 12, 10, 13, 4, 7, 5, 10, 14, 8, 5, 3, 3, 8, 6, 14, 13, 2, 7, 12, 9, 5, 8, 9, 12, 11, 4, 10, 13, 14, 3, 14, 10, 4, 9, 11, 5, 6, 4, 6, 11, 2, 9, 2

Player 3's Hand: 6
Player 3 draws: 11
Player 3's discards: 6
Player 3's Hand: 11

Deck:  8, 2, 13, 12, 3, 12, 10, 13, 4, 7, 5, 10, 14, 8, 5, 3, 3, 8, 6, 14, 13, 2, 7, 12, 9, 5, 8, 9, 12, 11, 4, 10, 13, 14, 3, 14, 10, 4, 9, 11, 5, 6, 4, 6, 11, 2, 9, 2, 6

Player 1's Hand: 7
Player 1 draws: 8
Player 1's discards: 7
Player 1's Hand: 8

Deck:  2, 13, 12, 3, 12, 10, 13, 4, 7, 5, 10, 14, 8, 5, 3, 3, 8, 6, 14, 13, 2, 7, 12, 9, 5, 8, 9, 12, 11, 4, 10, 13, 14, 3, 14, 10, 4, 9, 11, 5, 6, 4, 6, 11, 2, 9, 2, 6, 7

Player 2's Hand: 7
Player 2 draws: 2
Player 2's discards: 2
Player 2's Hand: 7

Deck:  13, 12, 3, 12, 10, 13, 4, 7, 5, 10, 14, 8, 5, 3, 3, 8, 6, 14, 13, 2, 7, 12, 9, 5, 8, 9, 12, 11, 4, 10, 13, 14, 3, 14, 10, 4, 9, 11, 5, 6, 4, 6, 11, 2, 9, 2, 6, 7, 2

Player 3's Hand: 11
Player 3 draws: 13
Player 3's discards: 11
Player 3's Hand: 13

Deck:  12, 3, 12, 10, 13, 4, 7, 5, 10, 14, 8, 5, 3, 3, 8, 6, 14, 13, 2, 7, 12, 9, 5, 8, 9, 12, 11, 4, 10, 13, 14, 3, 14, 10, 4, 9, 11, 5, 6, 4, 6, 11, 2, 9, 2, 6, 7, 2, 11

Player 1's Hand: 8
Player 1 draws: 12
Player 1's discards: 12
Player 1's Hand: 8

Deck:  3, 12, 10, 13, 4, 7, 5, 10, 14, 8, 5, 3, 3, 8, 6, 14, 13, 2, 7, 12, 9, 5, 8, 9, 12, 11, 4, 10, 13, 14, 3, 14, 10, 4, 9, 11, 5, 6, 4, 6, 11, 2, 9, 2, 6, 7, 2, 11, 12

Player 2's Hand: 7
Player 2 draws: 3
Player 2's discards: 3
Player 2's Hand: 7

Deck:  12, 10, 13, 4, 7, 5, 10, 14, 8, 5, 3, 3, 8, 6, 14, 13, 2, 7, 12, 9, 5, 8, 9, 12, 11, 4, 10, 13, 14, 3, 14, 10, 4, 9, 11, 5, 6, 4, 6, 11, 2, 9, 2, 6, 7, 2, 11, 12, 3

Player 3's Hand: 13
Player 3 draws: 12
Player 3's discards: 12
Player 3's Hand: 13

Deck:  10, 13, 4, 7, 5, 10, 14, 8, 5, 3, 3, 8, 6, 14, 13, 2, 7, 12, 9, 5, 8, 9, 12, 11, 4, 10, 13, 14, 3, 14, 10, 4, 9, 11, 5, 6, 4, 6, 11, 2, 9, 2, 6, 7, 2, 11, 12, 3, 12

Player 1's Hand: 8
Player 1 draws: 10
Player 1's discards: 8
Player 1's Hand: 10

Deck:  13, 4, 7, 5, 10, 14, 8, 5, 3, 3, 8, 6, 14, 13, 2, 7, 12, 9, 5, 8, 9, 12, 11, 4, 10, 13, 14, 3, 14, 10, 4, 9, 11, 5, 6, 4, 6, 11, 2, 9, 2, 6, 7, 2, 11, 12, 3, 12, 8

Player 2's Hand: 7
Player 2 draws: 13
Player 2's discards: 7
Player 2's Hand: 13

Deck:  4, 7, 5, 10, 14, 8, 5, 3, 3, 8, 6, 14, 13, 2, 7, 12, 9, 5, 8, 9, 12, 11, 4, 10, 13, 14, 3, 14, 10, 4, 9, 11, 5, 6, 4, 6, 11, 2, 9, 2, 6, 7, 2, 11, 12, 3, 12, 8, 7

Player 3's Hand: 13
Player 3 draws: 4
Player 3's discards: 4
Player 3's Hand: 13

Deck:  7, 5, 10, 14, 8, 5, 3, 3, 8, 6, 14, 13, 2, 7, 12, 9, 5, 8, 9, 12, 11, 4, 10, 13, 14, 3, 14, 10, 4, 9, 11, 5, 6, 4, 6, 11, 2, 9, 2, 6, 7, 2, 11, 12, 3, 12, 8, 7, 4

Player 1's Hand: 10
Player 1 draws: 7
Player 1's discards: 10
Player 1's Hand: 7

Deck:  5, 10, 14, 8, 5, 3, 3, 8, 6, 14, 13, 2, 7, 12, 9, 5, 8, 9, 12, 11, 4, 10, 13, 14, 3, 14, 10, 4, 9, 11, 5, 6, 4, 6, 11, 2, 9, 2, 6, 7, 2, 11, 12, 3, 12, 8, 7, 4, 10

Player 2's Hand: 13
Player 2 draws: 5
Player 2's discards: 5
Player 2's Hand: 13

Deck:  10, 14, 8, 5, 3, 3, 8, 6, 14, 13, 2, 7, 12, 9, 5, 8, 9, 12, 11, 4, 10, 13, 14, 3, 14, 10, 4, 9, 11, 5, 6, 4, 6, 11, 2, 9, 2, 6, 7, 2, 11, 12, 3, 12, 8, 7, 4, 10, 5

Player 3's Hand: 13
Player 3 draws: 10
Player 3's discards: 10
Player 3's Hand: 13

Deck:  14, 8, 5, 3, 3, 8, 6, 14, 13, 2, 7, 12, 9, 5, 8, 9, 12, 11, 4, 10, 13, 14, 3, 14, 10, 4, 9, 11, 5, 6, 4, 6, 11, 2, 9, 2, 6, 7, 2, 11, 12, 3, 12, 8, 7, 4, 10, 5, 10

Player 1's Hand: 7
Player 1 draws: 14
Player 1's discards: 7
Player 1's Hand: 14

Deck:  8, 5, 3, 3, 8, 6, 14, 13, 2, 7, 12, 9, 5, 8, 9, 12, 11, 4, 10, 13, 14, 3, 14, 10, 4, 9, 11, 5, 6, 4, 6, 11, 2, 9, 2, 6, 7, 2, 11, 12, 3, 12, 8, 7, 4, 10, 5, 10, 7

Player 2's Hand: 13
Player 2 draws: 8
Player 2's discards: 8
Player 2's Hand: 13

Deck:  5, 3, 3, 8, 6, 14, 13, 2, 7, 12, 9, 5, 8, 9, 12, 11, 4, 10, 13, 14, 3, 14, 10, 4, 9, 11, 5, 6, 4, 6, 11, 2, 9, 2, 6, 7, 2, 11, 12, 3, 12, 8, 7, 4, 10, 5, 10, 7, 8

Player 3's Hand: 13
Player 3 draws: 5
Player 3's discards: 5
Player 3's Hand: 13

Deck:  3, 3, 8, 6, 14, 13, 2, 7, 12, 9, 5, 8, 9, 12, 11, 4, 10, 13, 14, 3, 14, 10, 4, 9, 11, 5, 6, 4, 6, 11, 2, 9, 2, 6, 7, 2, 11, 12, 3, 12, 8, 7, 4, 10, 5, 10, 7, 8, 5

Player 1's Hand: 14
Player 1 draws: 3
Player 1's discards: 3
Player 1's Hand: 14

Deck:  3, 8, 6, 14, 13, 2, 7, 12, 9, 5, 8, 9, 12, 11, 4, 10, 13, 14, 3, 14, 10, 4, 9, 11, 5, 6, 4, 6, 11, 2, 9, 2, 6, 7, 2, 11, 12, 3, 12, 8, 7, 4, 10, 5, 10, 7, 8, 5, 3

Player 2's Hand: 13
Player 2 draws: 3
Player 2's discards: 13
Player 2's Hand: 3

Deck:  8, 6, 14, 13, 2, 7, 12, 9, 5, 8, 9, 12, 11, 4, 10, 13, 14, 3, 14, 10, 4, 9, 11, 5, 6, 4, 6, 11, 2, 9, 2, 6, 7, 2, 11, 12, 3, 12, 8, 7, 4, 10, 5, 10, 7, 8, 5, 3, 13

Player 3's Hand: 13
Player 3 draws: 8
Player 3's discards: 8
Player 3's Hand: 13

Deck:  6, 14, 13, 2, 7, 12, 9, 5, 8, 9, 12, 11, 4, 10, 13, 14, 3, 14, 10, 4, 9, 11, 5, 6, 4, 6, 11, 2, 9, 2, 6, 7, 2, 11, 12, 3, 12, 8, 7, 4, 10, 5, 10, 7, 8, 5, 3, 13, 8

Player 1's Hand: 14
Player 1 draws: 6
Player 1's discards: 14
Player 1's Hand: 6

Deck:  14, 13, 2, 7, 12, 9, 5, 8, 9, 12, 11, 4, 10, 13, 14, 3, 14, 10, 4, 9, 11, 5, 6, 4, 6, 11, 2, 9, 2, 6, 7, 2, 11, 12, 3, 12, 8, 7, 4, 10, 5, 10, 7, 8, 5, 3, 13, 8, 14

Player 2's Hand: 3
Player 2 draws: 14
Player 2's discards: 3
Player 2's Hand: 14

Deck:  13, 2, 7, 12, 9, 5, 8, 9, 12, 11, 4, 10, 13, 14, 3, 14, 10, 4, 9, 11, 5, 6, 4, 6, 11, 2, 9, 2, 6, 7, 2, 11, 12, 3, 12, 8, 7, 4, 10, 5, 10, 7, 8, 5, 3, 13, 8, 14, 3

Player 3's Hand: 13
Player 3 draws: 13
Player 3's Hand: 13, 13
Player 3 has won.

Deck:  2, 7, 12, 9, 5, 8, 9, 12, 11, 4, 10, 13, 14, 3, 14, 10, 4, 9, 11, 5, 6, 4, 6, 11, 2, 9, 2, 6, 7, 2, 11, 12, 3, 12, 8, 7, 4, 10, 5, 10, 7, 8, 5, 3, 13, 8, 14, 3


Program is done.
