Game is starting.
Seed is: 2015
Dealer shuffling.

Round 1
---------------------------

Deck:  3, 12, 3, 3, 14, 5, 8, 13, 14, 2, 13, 12, 6, 4, 10, 9, 9, 14, 4, 11, 6, 9, 2, 14, 6, 10, 2, 13, 5, 5, 11, 9, 13, 11, 5, 3, 8, 4, 2, 8, 7, 10, 7, 12, 11, 8, 7, 4, 12

Player 1's Hand: 7
Player 1 draws: 3
Player 1's discards: 7
Player 1's Hand: 3

Deck:  12, 3, 3, 14, 5, 8, 13, 14, 2, 13, 12, 6, 4, 10, 9, 9, 14, 4, 11, 6, 9, 2, 14, 6, 10, 2, 13, 5, 5, 11, 9, 13, 11, 5, 3, 8, 4, 2, 8, 7, 10, 7, 12, 11, 8, 7, 4, 12, 7

Player 2's Hand: 6
Player 2 draws: 12
Player 2's discards: 6
Player 2's Hand: 12

Deck:  3, 3, 14, 5, 8, 13, 14, 2, 13, 12, 6, 4, 10, 9, 9, 14, 4, 11, 6, 9, 2, 14, 6, 10, 2, 13, 5, 5, 11, 9, 13, 11, 5, 3, 8, 4, 2, 8, 7, 10, 7, 12, 11, 8, 7, 4, 12, 7, 6

Player 3's Hand: 10
Player 3 draws: 3
Player 3's discards: 3
Player 3's Hand: 10

Deck:  3, 14, 5, 8, 13, 14, 2, 13, 12, 6, 4, 10, 9, 9, 14, 4, 11, 6, 9, 2, 14, 6, 10, 2, 13, 5, 5, 11, 9, 13, 11, 5, 3, 8, 4, 2, 8, 7, 10, 7, 12, 11, 8, 7, 4, 12, 7, 6, 3

Player 1's Hand: 3
Player 1 draws: 3
Player 1's Hand: 3, 3
Player 1 has won.

Deck:  14, 5, 8, 13, 14, 2, 13, 12, 6, 4, 10, 9, 9, 14, 4, 11, 6, 9, 2, 14, 6, 10, 2, 13, 5, 5, 11, 9, 13, 11, 5, 3, 8, 4, 2, 8, 7, 10, 7, 12, 11, 8, 7, 4, 12, 7, 6, 3

Dealer shuffling.

Round 2
---------------------------

Deck:  6, 7, 2, 2, 9, 11, 14, 10, 14, 6, 3, 8, 4, 4, 6, 2, 10, 4, 8, 4, 12, 3, 7, 2, 9, 8, 13, 5, 7, 5, 13, 12, 14, 11, 11, 14, 3, 13, 5, 6, 9, 7, 10, 8, 12, 3, 11, 12, 10

Player 2's Hand: 5
Player 2 draws: 6
Player 2's discards: 6
Player 2's Hand: 5

Deck:  7, 2, 2, 9, 11, 14, 10, 14, 6, 3, 8, 4, 4, 6, 2, 10, 4, 8, 4, 12, 3, 7, 2, 9, 8, 13, 5, 7, 5, 13, 12, 14, 11, 11, 14, 3, 13, 5, 6, 9, 7, 10, 8, 12, 3, 11, 12, 10, 6

Player 3's Hand: 9
Player 3 draws: 7
Player 3's discards: 9
Player 3's Hand: 7

Deck:  2, 2, 9, 11, 14, 10, 14, 6, 3, 8, 4, 4, 6, 2, 10, 4, 8, 4, 12, 3, 7, 2, 9, 8, 13, 5, 7, 5, 13, 12, 14, 11, 11, 14, 3, 13, 5, 6, 9, 7, 10, 8, 12, 3, 11, 12, 10, 6, 9

Player 1's Hand: 13
Player 1 draws: 2
Player 1's discards: 13
Player 1's Hand: 2

Deck:  2, 9, 11, 14, 10, 14, 6, 3, 8, 4, 4, 6, 2, 10, 4, 8, 4, 12, 3, 7, 2, 9, 8, 13, 5, 7, 5, 13, 12, 14, 11, 11, 14, 3, 13, 5, 6, 9, 7, 10, 8, 12, 3, 11, 12, 10, 6, 9, 13

Player 2's Hand: 5
Player 2 draws: 2
Player 2's discards: 5
Player 2's Hand: 2

Deck:  9, 11, 14, 10, 14, 6, 3, 8, 4, 4, 6, 2, 10, 4, 8, 4, 12, 3, 7, 2, 9, 8, 13, 5, 7, 5, 13, 12, 14, 11, 11, 14, 3, 13, 5, 6, 9, 7, 10, 8, 12, 3, 11, 12, 10, 6, 9, 13, 5

Player 3's Hand: 7
Player 3 draws: 9
Player 3's discards: 9
Player 3's Hand: 7

Deck:  11, 14, 10, 14, 6, 3, 8, 4, 4, 6, 2, 10, 4, 8, 4, 12, 3, 7, 2, 9, 8, 13, 5, 7, 5, 13, 12, 14, 11, 11, 14, 3, 13, 5, 6, 9, 7, 10, 8, 12, 3, 11, 12, 10, 6, 9, 13, 5, 9

Player 1's Hand: 2
Player 1 draws: 11
Player 1's discards: 11
Player 1's Hand: 2

Deck:  14, 10, 14, 6, 3, 8, 4, 4, 6, 2, 10, 4, 8, 4, 12, 3, 7, 2, 9, 8, 13, 5, 7, 5, 13, 12, 14, 11, 11, 14, 3, 13, 5, 6, 9, 7, 10, 8, 12, 3, 11, 12, 10, 6, 9, 13, 5, 9, 11

Player 2's Hand: 2
Player 2 draws: 14
Player 2's discards: 14
Player 2's Hand: 2

Deck:  10, 14, 6, 3, 8, 4, 4, 6, 2, 10, 4, 8, 4, 12, 3, 7, 2, 9, 8, 13, 5, 7, 5, 13, 12, 14, 11, 11, 14, 3, 13, 5, 6, 9, 7, 10, 8, 12, 3, 11, 12, 10, 6, 9, 13, 5, 9, 11, 14

Player 3's Hand: 7
Player 3 draws: 10
Player 3's discards: 7
Player 3's Hand: 10

Deck:  14, 6, 3, 8, 4, 4, 6, 2, 10, 4, 8, 4, 12, 3, 7, 2, 9, 8, 13, 5, 7, 5, 13, 12, 14, 11, 11, 14, 3, 13, 5, 6, 9, 7, 10, 8, 12, 3, 11, 12, 10, 6, 9, 13, 5, 9, 11, 14, 7

Player 1's Hand: 2
Player 1 draws: 14
Player 1's discards: 14
Player 1's Hand: 2

Deck:  6, 3, 8, 4, 4, 6, 2, 10, 4, 8, 4, 12, 3, 7, 2, 9, 8, 13, 5, 7, 5, 13, 12, 14, 11, 11, 14, 3, 13, 5, 6, 9, 7, 10, 8, 12, 3, 11, 12, 10, 6, 9, 13, 5, 9, 11, 14, 7, 14

Player 2's Hand: 2
Player 2 draws: 6
Player 2's discards: 2
Player 2's Hand: 6

Deck:  3, 8, 4, 4, 6, 2, 10, 4, 8, 4, 12, 3, 7, 2, 9, 8, 13, 5, 7, 5, 13, 12, 14, 11, 11, 14, 3, 13, 5, 6, 9, 7, 10, 8, 12, 3, 11, 12, 10, 6, 9, 13, 5, 9, 11, 14, 7, 14, 2

Player 3's Hand: 10
Player 3 draws: 3
Player 3's discards: 10
Player 3's Hand: 3

Deck:  8, 4, 4, 6, 2, 10, 4, 8, 4, 12, 3, 7, 2, 9, 8, 13, 5, 7, 5, 13, 12, 14, 11, 11, 14, 3, 13, 5, 6, 9, 7, 10, 8, 12, 3, 11, 12, 10, 6, 9, 13, 5, 9, 11, 14, 7, 14, 2, 10

Player 1's Hand: 2
Player 1 draws: 8
Player 1's discards: 2
Player 1's Hand: 8

Deck:  4, 4, 6, 2, 10, 4, 8, 4, 12, 3, 7, 2, 9, 8, 13, 5, 7, 5, 13, 12, 14, 11, 11, 14, 3, 13, 5, 6, 9, 7, 10, 8, 12, 3, 11, 12, 10, 6, 9, 13, 5, 9, 11, 14, 7, 14, 2, 10, 2

Player 2's Hand: 6
Player 2 draws: 4
Player 2's discards: 4
Player 2's Hand: 6

Deck:  4, 6, 2, 10, 4, 8, 4, 12, 3, 7, 2, 9, 8, 13, 5, 7, 5, 13, 12, 14, 11, 11, 14, 3, 13, 5, 6, 9, 7, 10, 8, 12, 3, 11, 12, 10, 6, 9, 13, 5, 9, 11, 14, 7, 14, 2, 10, 2, 4

Player 3's Hand: 3
Player 3 draws: 4
Player 3's discards: 4
Player 3's Hand: 3

Deck:  6, 2, 10, 4, 8, 4, 12, 3, 7, 2, 9, 8, 13, 5, 7, 5, 13, 12, 14, 11, 11, 14, 3, 13, 5, 6, 9, 7, 10, 8, 12, 3, 11, 12, 10, 6, 9, 13, 5, 9, 11, 14, 7, 14, 2, 10, 2, 4, 4

Player 1's Hand: 8
Player 1 draws: 6
Player 1's discards: 6
Player 1's Hand: 8

Deck:  2, 10, 4, 8, 4, 12, 3, 7, 2, 9, 8, 13, 5, 7, 5, 13, 12, 14, 11, 11, 14, 3, 13, 5, 6, 9, 7, 10, 8, 12, 3, 11, 12, 10, 6, 9, 13, 5, 9, 11, 14, 7, 14, 2, 10, 2, 4, 4, 6

Player 2's Hand: 6
Player 2 draws: 2
Player 2's discards: 2
Player 2's Hand: 6

Deck:  10, 4, 8, 4, 12, 3, 7, 2, 9, 8, 13, 5, 7, 5, 13, 12, 14, 11, 11, 14, 3, 13, 5, 6, 9, 7, 10, 8, 12, 3, 11, 12, 10, 6, 9, 13, 5, 9, 11, 14, 7, 14, 2, 10, 2, 4, 4, 6, 2

Player 3's Hand: 3
Player 3 draws: 10
Player 3's discards: 3
Player 3's Hand: 10

Deck:  4, 8, 4, 12, 3, 7, 2, 9, 8, 13, 5, 7, 5, 13, 12, 14, 11, 11, 14, 3, 13, 5, 6, 9, 7, 10, 8, 12, 3, 11, 12, 10, 6, 9, 13, 5, 9, 11, 14, 7, 14, 2, 10, 2, 4, 4, 6, 2, 3

Player 1's Hand: 8
Player 1 draws: 4
Player 1's discards: 4
Player 1's Hand: 8

Deck:  8, 4, 12, 3, 7, 2, 9, 8, 13, 5, 7, 5, 13, 12, 14, 11, 11, 14, 3, 13, 5, 6, 9, 7, 10, 8, 12, 3, 11, 12, 10, 6, 9, 13, 5, 9, 11, 14, 7, 14, 2, 10, 2, 4, 4, 6, 2, 3, 4

Player 2's Hand: 6
Player 2 draws: 8
Player 2's discards: 6
Player 2's Hand: 8

Deck:  4, 12, 3, 7, 2, 9, 8, 13, 5, 7, 5, 13, 12, 14, 11, 11, 14, 3, 13, 5, 6, 9, 7, 10, 8, 12, 3, 11, 12, 10, 6, 9, 13, 5, 9, 11, 14, 7, 14, 2, 10, 2, 4, 4, 6, 2, 3, 4, 6

Player 3's Hand: 10
Player 3 draws: 4
Player 3's discards: 10
Player 3's Hand: 4

Deck:  12, 3, 7, 2, 9, 8, 13, 5, 7, 5, 13, 12, 14, 11, 11, 14, 3, 13, 5, 6, 9, 7, 10, 8, 12, 3, 11, 12, 10, 6, 9, 13, 5, 9, 11, 14, 7, 14, 2, 10, 2, 4, 4, 6, 2, 3, 4, 6, 10

Player 1's Hand: 8
Player 1 draws: 12
Player 1's discards: 12
Player 1's Hand: 8

Deck:  3, 7, 2, 9, 8, 13, 5, 7, 5, 13, 12, 14, 11, 11, 14, 3, 13, 5, 6, 9, 7, 10, 8, 12, 3, 11, 12, 10, 6, 9, 13, 5, 9, 11, 14, 7, 14, 2, 10, 2, 4, 4, 6, 2, 3, 4, 6, 10, 12

Player 2's Hand: 8
Player 2 draws: 3
Player 2's discards: 8
Player 2's Hand: 3

Deck:  7, 2, 9, 8, 13, 5, 7, 5, 13, 12, 14, 11, 11, 14, 3, 13, 5, 6, 9, 7, 10, 8, 12, 3, 11, 12, 10, 6, 9, 13, 5, 9, 11, 14, 7, 14, 2, 10, 2, 4, 4, 6, 2, 3, 4, 6, 10, 12, 8

Player 3's Hand: 4
Player 3 draws: 7
Player 3's discards: 4
Player 3's Hand: 7

Deck:  2, 9, 8, 13, 5, 7, 5, 13, 12, 14, 11, 11, 14, 3, 13, 5, 6, 9, 7, 10, 8, 12, 3, 11, 12, 10, 6, 9, 13, 5, 9, 11, 14, 7, 14, 2, 10, 2, 4, 4, 6, 2, 3, 4, 6, 10, 12, 8, 4

Player 1's Hand: 8
Player 1 draws: 2
Player 1's discards: 8
Player 1's Hand: 2

Deck:  9, 8, 13, 5, 7, 5, 13, 12, 14, 11, 11, 14, 3, 13, 5, 6, 9, 7, 10, 8, 12, 3, 11, 12, 10, 6, 9, 13, 5, 9, 11, 14, 7, 14, 2, 10, 2, 4, 4, 6, 2, 3, 4, 6, 10, 12, 8, 4, 8

Player 2's Hand: 3
Player 2 draws: 9
Player 2's discards: 3
Player 2's Hand: 9

Deck:  8, 13, 5, 7, 5, 13, 12, 14, 11, 11, 14, 3, 13, 5, 6, 9, 7, 10, 8, 12, 3, 11, 12, 10, 6, 9, 13, 5, 9, 11, 14, 7, 14, 2, 10, 2, 4, 4, 6, 2, 3, 4, 6, 10, 12, 8, 4, 8, 3

Player 3's Hand: 7
Player 3 draws: 8
Player 3's discards: 7
Player 3's Hand: 8

Deck:  13, 5, 7, 5, 13, 12, 14, 11, 11, 14, 3, 13, 5, 6, 9, 7, 10, 8, 12, 3, 11, 12, 10, 6, 9, 13, 5, 9, 11, 14, 7, 14, 2, 10, 2, 4, 4, 6, 2, 3, 4, 6, 10, 12, 8, 4, 8, 3, 7

Player 1's Hand: 2
Player 1 draws: 13
Player 1's discards: 13
Player 1's Hand: 2

Deck:  5, 7, 5, 13, 12, 14, 11, 11, 14, 3, 13, 5, 6, 9, 7, 10, 8, 12, 3, 11, 12, 10, 6, 9, 13, 5, 9, 11, 14, 7, 14, 2, 10, 2, 4, 4, 6, 2, 3, 4, 6, 10, 12, 8, 4, 8, 3, 7, 13

Player 2's Hand: 9
Player 2 draws: 5
Player 2's discards: 9
Player 2's Hand: 5

Deck:  7, 5, 13, 12, 14, 11, 11, 14, 3, 13, 5, 6, 9, 7, 10, 8, 12, 3, 11, 12, 10, 6, 9, 13, 5, 9, 11, 14, 7, 14, 2, 10, 2, 4, 4, 6, 2, 3, 4, 6, 10, 12, 8, 4, 8, 3, 7, 13, 9

Player 3's Hand: 8
Player 3 draws: 7
Player 3's discards: 7
Player 3's Hand: 8

Deck:  5, 13, 12, 14, 11, 11, 14, 3, 13, 5, 6, 9, 7, 10, 8, 12, 3, 11, 12, 10, 6, 9, 13, 5, 9, 11, 14, 7, 14, 2, 10, 2, 4, 4, 6, 2, 3, 4, 6, 10, 12, 8, 4, 8, 3, 7, 13, 9, 7

Player 1's Hand: 2
Player 1 draws: 5
Player 1's discards: 5
Player 1's Hand: 2

Deck:  13, 12, 14, 11, 11, 14, 3, 13, 5, 6, 9, 7, 10, 8, 12, 3, 11, 12, 10, 6, 9, 13, 5, 9, 11, 14, 7, 14, 2, 10, 2, 4, 4, 6, 2, 3, 4, 6, 10, 12, 8, 4, 8, 3, 7, 13, 9, 7, 5

Player 2's Hand: 5
Player 2 draws: 13
Player 2's discards: 5
Player 2's Hand: 13

Deck:  12, 14, 11, 11, 14, 3, 13, 5, 6, 9, 7, 10, 8, 12, 3, 11, 12, 10, 6, 9, 13, 5, 9, 11, 14, 7, 14, 2, 10, 2, 4, 4, 6, 2, 3, 4, 6, 10, 12, 8, 4, 8, 3, 7, 13, 9, 7, 5, 5

Player 3's Hand: 8
Player 3 draws: 12
Player 3's discards: 8
Player 3's Hand: 12

Deck:  14, 11, 11, 14, 3, 13, 5, 6, 9, 7, 10, 8, 12, 3, 11, 12, 10, 6, 9, 13, 5, 9, 11, 14, 7, 14, 2, 10, 2, 4, 4, 6, 2, 3, 4, 6, 10, 12, 8, 4, 8, 3, 7, 13, 9, 7, 5, 5, 8

Player 1's Hand: 2
Player 1 draws: 14
Player 1's discards: 14
Player 1's Hand: 2

Deck:  11, 11, 14, 3, 13, 5, 6, 9, 7, 10, 8, 12, 3, 11, 12, 10, 6, 9, 13, 5, 9, 11, 14, 7, 14, 2, 10, 2, 4, 4, 6, 2, 3, 4, 6, 10, 12, 8, 4, 8, 3, 7, 13, 9, 7, 5, 5, 8, 14

Player 2's Hand: 13
Player 2 draws: 11
Player 2's discards: 11
Player 2's Hand: 13

Deck:  11, 14, 3, 13, 5, 6, 9, 7, 10, 8, 12, 3, 11, 12, 10, 6, 9, 13, 5, 9, 11, 14, 7, 14, 2, 10, 2, 4, 4, 6, 2, 3, 4, 6, 10, 12, 8, 4, 8, 3, 7, 13, 9, 7, 5, 5, 8, 14, 11

Player 3's Hand: 12
Player 3 draws: 11
Player 3's discards: 11
Player 3's Hand: 12

Deck:  14, 3, 13, 5, 6, 9, 7, 10, 8, 12, 3, 11, 12, 10, 6, 9, 13, 5, 9, 11, 14, 7, 14, 2, 10, 2, 4, 4, 6, 2, 3, 4, 6, 10, 12, 8, 4, 8, 3, 7, 13, 9, 7, 5, 5, 8, 14, 11, 11

Player 1's Hand: 2
Player 1 draws: 14
Player 1's discards: 2
Player 1's Hand: 14

Deck:  3, 13, 5, 6, 9, 7, 10, 8, 12, 3, 11, 12, 10, 6, 9, 13, 5, 9, 11, 14, 7, 14, 2, 10, 2, 4, 4, 6, 2, 3, 4, 6, 10, 12, 8, 4, 8, 3, 7, 13, 9, 7, 5, 5, 8, 14, 11, 11, 2

Player 2's Hand: 13
Player 2 draws: 3
Player 2's discards: 13
Player 2's Hand: 3

Deck:  13, 5, 6, 9, 7, 10, 8, 12, 3, 11, 12, 10, 6, 9, 13, 5, 9, 11, 14, 7, 14, 2, 10, 2, 4, 4, 6, 2, 3, 4, 6, 10, 12, 8, 4, 8, 3, 7, 13, 9, 7, 5, 5, 8, 14, 11, 11, 2, 13

Player 3's Hand: 12
Player 3 draws: 13
Player 3's discards: 12
Player 3's Hand: 13

Deck:  5, 6, 9, 7, 10, 8, 12, 3, 11, 12, 10, 6, 9, 13, 5, 9, 11, 14, 7, 14, 2, 10, 2, 4, 4, 6, 2, 3, 4, 6, 10, 12, 8, 4, 8, 3, 7, 13, 9, 7, 5, 5, 8, 14, 11, 11, 2, 13, 12

Player 1's Hand: 14
Player 1 draws: 5
Player 1's discards: 5
Player 1's Hand: 14

Deck:  6, 9, 7, 10, 8, 12, 3, 11, 12, 10, 6, 9, 13, 5, 9, 11, 14, 7, 14, 2, 10, 2, 4, 4, 6, 2, 3, 4, 6, 10, 12, 8, 4, 8, 3, 7, 13, 9, 7, 5, 5, 8, 14, 11, 11, 2, 13, 12, 5

Player 2's Hand: 3
Player 2 draws: 6
Player 2's discards: 6
Player 2's Hand: 3

Deck:  9, 7, 10, 8, 12, 3, 11, 12, 10, 6, 9, 13, 5, 9, 11, 14, 7, 14, 2, 10, 2, 4, 4, 6, 2, 3, 4, 6, 10, 12, 8, 4, 8, 3, 7, 13, 9, 7, 5, 5, 8, 14, 11, 11, 2, 13, 12, 5, 6

Player 3's Hand: 13
Player 3 draws: 9
Player 3's discards: 9
Player 3's Hand: 13

Deck:  7, 10, 8, 12, 3, 11, 12, 10, 6, 9, 13, 5, 9, 11, 14, 7, 14, 2, 10, 2, 4, 4, 6, 2, 3, 4, 6, 10, 12, 8, 4, 8, 3, 7, 13, 9, 7, 5, 5, 8, 14, 11, 11, 2, 13, 12, 5, 6, 9

Player 1's Hand: 14
Player 1 draws: 7
Player 1's discards: 7
Player 1's Hand: 14

Deck:  10, 8, 12, 3, 11, 12, 10, 6, 9, 13, 5, 9, 11, 14, 7, 14, 2, 10, 2, 4, 4, 6, 2, 3, 4, 6, 10, 12, 8, 4, 8, 3, 7, 13, 9, 7, 5, 5, 8, 14, 11, 11, 2, 13, 12, 5, 6, 9, 7

Player 2's Hand: 3
Player 2 draws: 10
Player 2's discards: 10
Player 2's Hand: 3

Deck:  8, 12, 3, 11, 12, 10, 6, 9, 13, 5, 9, 11, 14, 7, 14, 2, 10, 2, 4, 4, 6, 2, 3, 4, 6, 10, 12, 8, 4, 8, 3, 7, 13, 9, 7, 5, 5, 8, 14, 11, 11, 2, 13, 12, 5, 6, 9, 7, 10

Player 3's Hand: 13
Player 3 draws: 8
Player 3's discards: 13
Player 3's Hand: 8

Deck:  12, 3, 11, 12, 10, 6, 9, 13, 5, 9, 11, 14, 7, 14, 2, 10, 2, 4, 4, 6, 2, 3, 4, 6, 10, 12, 8, 4, 8, 3, 7, 13, 9, 7, 5, 5, 8, 14, 11, 11, 2, 13, 12, 5, 6, 9, 7, 10, 13

Player 1's Hand: 14
Player 1 draws: 12
Player 1's discards: 14
Player 1's Hand: 12

Deck:  3, 11, 12, 10, 6, 9, 13, 5, 9, 11, 14, 7, 14, 2, 10, 2, 4, 4, 6, 2, 3, 4, 6, 10, 12, 8, 4, 8, 3, 7, 13, 9, 7, 5, 5, 8, 14, 11, 11, 2, 13, 12, 5, 6, 9, 7, 10, 13, 14

Player 2's Hand: 3
Player 2 draws: 3
Player 2's Hand: 3, 3
Player 2 has won.

Deck:  11, 12, 10, 6, 9, 13, 5, 9, 11, 14, 7, 14, 2, 10, 2, 4, 4, 6, 2, 3, 4, 6, 10, 12, 8, 4, 8, 3, 7, 13, 9, 7, 5, 5, 8, 14, 11, 11, 2, 13, 12, 5, 6, 9, 7, 10, 13, 14

Dealer shuffling.

Round 3
---------------------------

Deck:  13, 14, 2, 3, 8, 7, 2, 3, 14, 11, 7, 5, 8, 6, 14, 10, 2, 10, 3, 13, 13, 5, 6, 4, 10, 11, 11, 10, 14, 12, 5, 7, 4, 3, 8, 6, 2, 6, 12, 9, 4, 7, 8, 9, 13, 9, 4, 9, 11

Player 3's Hand: 12
Player 3 draws: 13
Player 3's discards: 12
Player 3's Hand: 13

Deck:  14, 2, 3, 8, 7, 2, 3, 14, 11, 7, 5, 8, 6, 14, 10, 2, 10, 3, 13, 13, 5, 6, 4, 10, 11, 11, 10, 14, 12, 5, 7, 4, 3, 8, 6, 2, 6, 12, 9, 4, 7, 8, 9, 13, 9, 4, 9, 11, 12

Player 1's Hand: 12
Player 1 draws: 14
Player 1's discards: 12
Player 1's Hand: 14

Deck:  2, 3, 8, 7, 2, 3, 14, 11, 7, 5, 8, 6, 14, 10, 2, 10, 3, 13, 13, 5, 6, 4, 10, 11, 11, 10, 14, 12, 5, 7, 4, 3, 8, 6, 2, 6, 12, 9, 4, 7, 8, 9, 13, 9, 4, 9, 11, 12, 12

Player 2's Hand: 5
Player 2 draws: 2
Player 2's discards: 5
Player 2's Hand: 2

Deck:  3, 8, 7, 2, 3, 14, 11, 7, 5, 8, 6, 14, 10, 2, 10, 3, 13, 13, 5, 6, 4, 10, 11, 11, 10, 14, 12, 5, 7, 4, 3, 8, 6, 2, 6, 12, 9, 4, 7, 8, 9, 13, 9, 4, 9, 11, 12, 12, 5

Player 3's Hand: 13
Player 3 draws: 3
Player 3's discards: 13
Player 3's Hand: 3

Deck:  8, 7, 2, 3, 14, 11, 7, 5, 8, 6, 14, 10, 2, 10, 3, 13, 13, 5, 6, 4, 10, 11, 11, 10, 14, 12, 5, 7, 4, 3, 8, 6, 2, 6, 12, 9, 4, 7, 8, 9, 13, 9, 4, 9, 11, 12, 12, 5, 13

Player 1's Hand: 14
Player 1 draws: 8
Player 1's discards: 14
Player 1's Hand: 8

Deck:  7, 2, 3, 14, 11, 7, 5, 8, 6, 14, 10, 2, 10, 3, 13, 13, 5, 6, 4, 10, 11, 11, 10, 14, 12, 5, 7, 4, 3, 8, 6, 2, 6, 12, 9, 4, 7, 8, 9, 13, 9, 4, 9, 11, 12, 12, 5, 13, 14

Player 2's Hand: 2
Player 2 draws: 7
Player 2's discards: 2
Player 2's Hand: 7

Deck:  2, 3, 14, 11, 7, 5, 8, 6, 14, 10, 2, 10, 3, 13, 13, 5, 6, 4, 10, 11, 11, 10, 14, 12, 5, 7, 4, 3, 8, 6, 2, 6, 12, 9, 4, 7, 8, 9, 13, 9, 4, 9, 11, 12, 12, 5, 13, 14, 2

Player 3's Hand: 3
Player 3 draws: 2
Player 3's discards: 2
Player 3's Hand: 3

Deck:  3, 14, 11, 7, 5, 8, 6, 14, 10, 2, 10, 3, 13, 13, 5, 6, 4, 10, 11, 11, 10, 14, 12, 5, 7, 4, 3, 8, 6, 2, 6, 12, 9, 4, 7, 8, 9, 13, 9, 4, 9, 11, 12, 12, 5, 13, 14, 2, 2

Player 1's Hand: 8
Player 1 draws: 3
Player 1's discards: 3
Player 1's Hand: 8

Deck:  14, 11, 7, 5, 8, 6, 14, 10, 2, 10, 3, 13, 13, 5, 6, 4, 10, 11, 11, 10, 14, 12, 5, 7, 4, 3, 8, 6, 2, 6, 12, 9, 4, 7, 8, 9, 13, 9, 4, 9, 11, 12, 12, 5, 13, 14, 2, 2, 3

Player 2's Hand: 7
Player 2 draws: 14
Player 2's discards: 14
Player 2's Hand: 7

Deck:  11, 7, 5, 8, 6, 14, 10, 2, 10, 3, 13, 13, 5, 6, 4, 10, 11, 11, 10, 14, 12, 5, 7, 4, 3, 8, 6, 2, 6, 12, 9, 4, 7, 8, 9, 13, 9, 4, 9, 11, 12, 12, 5, 13, 14, 2, 2, 3, 14

Player 3's Hand: 3
Player 3 draws: 11
Player 3's discards: 3
Player 3's Hand: 11

Deck:  7, 5, 8, 6, 14, 10, 2, 10, 3, 13, 13, 5, 6, 4, 10, 11, 11, 10, 14, 12, 5, 7, 4, 3, 8, 6, 2, 6, 12, 9, 4, 7, 8, 9, 13, 9, 4, 9, 11, 12, 12, 5, 13, 14, 2, 2, 3, 14, 3

Player 1's Hand: 8
Player 1 draws: 7
Player 1's discards: 7
Player 1's Hand: 8

Deck:  5, 8, 6, 14, 10, 2, 10, 3, 13, 13, 5, 6, 4, 10, 11, 11, 10, 14, 12, 5, 7, 4, 3, 8, 6, 2, 6, 12, 9, 4, 7, 8, 9, 13, 9, 4, 9, 11, 12, 12, 5, 13, 14, 2, 2, 3, 14, 3, 7

Player 2's Hand: 7
Player 2 draws: 5
Player 2's discards: 7
Player 2's Hand: 5

Deck:  8, 6, 14, 10, 2, 10, 3, 13, 13, 5, 6, 4, 10, 11, 11, 10, 14, 12, 5, 7, 4, 3, 8, 6, 2, 6, 12, 9, 4, 7, 8, 9, 13, 9, 4, 9, 11, 12, 12, 5, 13, 14, 2, 2, 3, 14, 3, 7, 7

Player 3's Hand: 11
Player 3 draws: 8
Player 3's discards: 8
Player 3's Hand: 11

Deck:  6, 14, 10, 2, 10, 3, 13, 13, 5, 6, 4, 10, 11, 11, 10, 14, 12, 5, 7, 4, 3, 8, 6, 2, 6, 12, 9, 4, 7, 8, 9, 13, 9, 4, 9, 11, 12, 12, 5, 13, 14, 2, 2, 3, 14, 3, 7, 7, 8

Player 1's Hand: 8
Player 1 draws: 6
Player 1's discards: 6
Player 1's Hand: 8

Deck:  14, 10, 2, 10, 3, 13, 13, 5, 6, 4, 10, 11, 11, 10, 14, 12, 5, 7, 4, 3, 8, 6, 2, 6, 12, 9, 4, 7, 8, 9, 13, 9, 4, 9, 11, 12, 12, 5, 13, 14, 2, 2, 3, 14, 3, 7, 7, 8, 6

Player 2's Hand: 5
Player 2 draws: 14
Player 2's discards: 5
Player 2's Hand: 14

Deck:  10, 2, 10, 3, 13, 13, 5, 6, 4, 10, 11, 11, 10, 14, 12, 5, 7, 4, 3, 8, 6, 2, 6, 12, 9, 4, 7, 8, 9, 13, 9, 4, 9, 11, 12, 12, 5, 13, 14, 2, 2, 3, 14, 3, 7, 7, 8, 6, 5

Player 3's Hand: 11
Player 3 draws: 10
Player 3's discards: 11
Player 3's Hand: 10

Deck:  2, 10, 3, 13, 13, 5, 6, 4, 10, 11, 11, 10, 14, 12, 5, 7, 4, 3, 8, 6, 2, 6, 12, 9, 4, 7, 8, 9, 13, 9, 4, 9, 11, 12, 12, 5, 13, 14, 2, 2, 3, 14, 3, 7, 7, 8, 6, 5, 11

Player 1's Hand: 8
Player 1 draws: 2
Player 1's discards: 8
Player 1's Hand: 2

Deck:  10, 3, 13, 13, 5, 6, 4, 10, 11, 11, 10, 14, 12, 5, 7, 4, 3, 8, 6, 2, 6, 12, 9, 4, 7, 8, 9, 13, 9, 4, 9, 11, 12, 12, 5, 13, 14, 2, 2, 3, 14, 3, 7, 7, 8, 6, 5, 11, 8

Player 2's Hand: 14
Player 2 draws: 10
Player 2's discards: 10
Player 2's Hand: 14

Deck:  3, 13, 13, 5, 6, 4, 10, 11, 11, 10, 14, 12, 5, 7, 4, 3, 8, 6, 2, 6, 12, 9, 4, 7, 8, 9, 13, 9, 4, 9, 11, 12, 12, 5, 13, 14, 2, 2, 3, 14, 3, 7, 7, 8, 6, 5, 11, 8, 10

Player 3's Hand: 10
Player 3 draws: 3
Player 3's discards: 10
Player 3's Hand: 3

Deck:  13, 13, 5, 6, 4, 10, 11, 11, 10, 14, 12, 5, 7, 4, 3, 8, 6, 2, 6, 12, 9, 4, 7, 8, 9, 13, 9, 4, 9, 11, 12, 12, 5, 13, 14, 2, 2, 3, 14, 3, 7, 7, 8, 6, 5, 11, 8, 10, 10

Player 1's Hand: 2
Player 1 draws: 13
Player 1's discards: 13
Player 1's Hand: 2

Deck:  13, 5, 6, 4, 10, 11, 11, 10, 14, 12, 5, 7, 4, 3, 8, 6, 2, 6, 12, 9, 4, 7, 8, 9, 13, 9, 4, 9, 11, 12, 12, 5, 13, 14, 2, 2, 3, 14, 3, 7, 7, 8, 6, 5, 11, 8, 10, 10, 13

Player 2's Hand: 14
Player 2 draws: 13
Player 2's discards: 14
Player 2's Hand: 13

Deck:  5, 6, 4, 10, 11, 11, 10, 14, 12, 5, 7, 4, 3, 8, 6, 2, 6, 12, 9, 4, 7, 8, 9, 13, 9, 4, 9, 11, 12, 12, 5, 13, 14, 2, 2, 3, 14, 3, 7, 7, 8, 6, 5, 11, 8, 10, 10, 13, 14

Player 3's Hand: 3
Player 3 draws: 5
Player 3's discards: 3
Player 3's Hand: 5

Deck:  6, 4, 10, 11, 11, 10, 14, 12, 5, 7, 4, 3, 8, 6, 2, 6, 12, 9, 4, 7, 8, 9, 13, 9, 4, 9, 11, 12, 12, 5, 13, 14, 2, 2, 3, 14, 3, 7, 7, 8, 6, 5, 11, 8, 10, 10, 13, 14, 3

Player 1's Hand: 2
Player 1 draws: 6
Player 1's discards: 2
Player 1's Hand: 6

Deck:  4, 10, 11, 11, 10, 14, 12, 5, 7, 4, 3, 8, 6, 2, 6, 12, 9, 4, 7, 8, 9, 13, 9, 4, 9, 11, 12, 12, 5, 13, 14, 2, 2, 3, 14, 3, 7, 7, 8, 6, 5, 11, 8, 10, 10, 13, 14, 3, 2

Player 2's Hand: 13
Player 2 draws: 4
Player 2's discards: 4
Player 2's Hand: 13

Deck:  10, 11, 11, 10, 14, 12, 5, 7, 4, 3, 8, 6, 2, 6, 12, 9, 4, 7, 8, 9, 13, 9, 4, 9, 11, 12, 12, 5, 13, 14, 2, 2, 3, 14, 3, 7, 7, 8, 6, 5, 11, 8, 10, 10, 13, 14, 3, 2, 4

Player 3's Hand: 5
Player 3 draws: 10
Player 3's discards: 10
Player 3's Hand: 5

Deck:  11, 11, 10, 14, 12, 5, 7, 4, 3, 8, 6, 2, 6, 12, 9, 4, 7, 8, 9, 13, 9, 4, 9, 11, 12, 12, 5, 13, 14, 2, 2, 3, 14, 3, 7, 7, 8, 6, 5, 11, 8, 10, 10, 13, 14, 3, 2, 4, 10

Player 1's Hand: 6
Player 1 draws: 11
Player 1's discards: 6
Player 1's Hand: 11

Deck:  11, 10, 14, 12, 5, 7, 4, 3, 8, 6, 2, 6, 12, 9, 4, 7, 8, 9, 13, 9, 4, 9, 11, 12, 12, 5, 13, 14, 2, 2, 3, 14, 3, 7, 7, 8, 6, 5, 11, 8, 10, 10, 13, 14, 3, 2, 4, 10, 6

Player 2's Hand: 13
Player 2 draws: 11
Player 2's discards: 13
Player 2's Hand: 11

Deck:  10, 14, 12, 5, 7, 4, 3, 8, 6, 2, 6, 12, 9, 4, 7, 8, 9, 13, 9, 4, 9, 11, 12, 12, 5, 13, 14, 2, 2, 3, 14, 3, 7, 7, 8, 6, 5, 11, 8, 10, 10, 13, 14, 3, 2, 4, 10, 6, 13

Player 3's Hand: 5
Player 3 draws: 10
Player 3's discards: 5
Player 3's Hand: 10

Deck:  14, 12, 5, 7, 4, 3, 8, 6, 2, 6, 12, 9, 4, 7, 8, 9, 13, 9, 4, 9, 11, 12, 12, 5, 13, 14, 2, 2, 3, 14, 3, 7, 7, 8, 6, 5, 11, 8, 10, 10, 13, 14, 3, 2, 4, 10, 6, 13, 5

Player 1's Hand: 11
Player 1 draws: 14
Player 1's discards: 11
Player 1's Hand: 14

Deck:  12, 5, 7, 4, 3, 8, 6, 2, 6, 12, 9, 4, 7, 8, 9, 13, 9, 4, 9, 11, 12, 12, 5, 13, 14, 2, 2, 3, 14, 3, 7, 7, 8, 6, 5, 11, 8, 10, 10, 13, 14, 3, 2, 4, 10, 6, 13, 5, 11

Player 2's Hand: 11
Player 2 draws: 12
Player 2's discards: 12
Player 2's Hand: 11

Deck:  5, 7, 4, 3, 8, 6, 2, 6, 12, 9, 4, 7, 8, 9, 13, 9, 4, 9, 11, 12, 12, 5, 13, 14, 2, 2, 3, 14, 3, 7, 7, 8, 6, 5, 11, 8, 10, 10, 13, 14, 3, 2, 4, 10, 6, 13, 5, 11, 12

Player 3's Hand: 10
Player 3 draws: 5
Player 3's discards: 5
Player 3's Hand: 10

Deck:  7, 4, 3, 8, 6, 2, 6, 12, 9, 4, 7, 8, 9, 13, 9, 4, 9, 11, 12, 12, 5, 13, 14, 2, 2, 3, 14, 3, 7, 7, 8, 6, 5, 11, 8, 10, 10, 13, 14, 3, 2, 4, 10, 6, 13, 5, 11, 12, 5

Player 1's Hand: 14
Player 1 draws: 7
Player 1's discards: 7
Player 1's Hand: 14

Deck:  4, 3, 8, 6, 2, 6, 12, 9, 4, 7, 8, 9, 13, 9, 4, 9, 11, 12, 12, 5, 13, 14, 2, 2, 3, 14, 3, 7, 7, 8, 6, 5, 11, 8, 10, 10, 13, 14, 3, 2, 4, 10, 6, 13, 5, 11, 12, 5, 7

Player 2's Hand: 11
Player 2 draws: 4
Player 2's discards: 4
Player 2's Hand: 11

Deck:  3, 8, 6, 2, 6, 12, 9, 4, 7, 8, 9, 13, 9, 4, 9, 11, 12, 12, 5, 13, 14, 2, 2, 3, 14, 3, 7, 7, 8, 6, 5, 11, 8, 10, 10, 13, 14, 3, 2, 4, 10, 6, 13, 5, 11, 12, 5, 7, 4

Player 3's Hand: 10
Player 3 draws: 3
Player 3's discards: 10
Player 3's Hand: 3

Deck:  8, 6, 2, 6, 12, 9, 4, 7, 8, 9, 13, 9, 4, 9, 11, 12, 12, 5, 13, 14, 2, 2, 3, 14, 3, 7, 7, 8, 6, 5, 11, 8, 10, 10, 13, 14, 3, 2, 4, 10, 6, 13, 5, 11, 12, 5, 7, 4, 10

Player 1's Hand: 14
Player 1 draws: 8
Player 1's discards: 8
Player 1's Hand: 14

Deck:  6, 2, 6, 12, 9, 4, 7, 8, 9, 13, 9, 4, 9, 11, 12, 12, 5, 13, 14, 2, 2, 3, 14, 3, 7, 7, 8, 6, 5, 11, 8, 10, 10, 13, 14, 3, 2, 4, 10, 6, 13, 5, 11, 12, 5, 7, 4, 10, 8

Player 2's Hand: 11
Player 2 draws: 6
Player 2's discards: 6
Player 2's Hand: 11

Deck:  2, 6, 12, 9, 4, 7, 8, 9, 13, 9, 4, 9, 11, 12, 12, 5, 13, 14, 2, 2, 3, 14, 3, 7, 7, 8, 6, 5, 11, 8, 10, 10, 13, 14, 3, 2, 4, 10, 6, 13, 5, 11, 12, 5, 7, 4, 10, 8, 6

Player 3's Hand: 3
Player 3 draws: 2
Player 3's discards: 3
Player 3's Hand: 2

Deck:  6, 12, 9, 4, 7, 8, 9, 13, 9, 4, 9, 11, 12, 12, 5, 13, 14, 2, 2, 3, 14, 3, 7, 7, 8, 6, 5, 11, 8, 10, 10, 13, 14, 3, 2, 4, 10, 6, 13, 5, 11, 12, 5, 7, 4, 10, 8, 6, 3

Player 1's Hand: 14
Player 1 draws: 6
Player 1's discards: 14
Player 1's Hand: 6

Deck:  12, 9, 4, 7, 8, 9, 13, 9, 4, 9, 11, 12, 12, 5, 13, 14, 2, 2, 3, 14, 3, 7, 7, 8, 6, 5, 11, 8, 10, 10, 13, 14, 3, 2, 4, 10, 6, 13, 5, 11, 12, 5, 7, 4, 10, 8, 6, 3, 14

Player 2's Hand: 11
Player 2 draws: 12
Player 2's discards: 11
Player 2's Hand: 12

Deck:  9, 4, 7, 8, 9, 13, 9, 4, 9, 11, 12, 12, 5, 13, 14, 2, 2, 3, 14, 3, 7, 7, 8, 6, 5, 11, 8, 10, 10, 13, 14, 3, 2, 4, 10, 6, 13, 5, 11, 12, 5, 7, 4, 10, 8, 6, 3, 14, 11

Player 3's Hand: 2
Player 3 draws: 9
Player 3's discards: 2
Player 3's Hand: 9

Deck:  4, 7, 8, 9, 13, 9, 4, 9, 11, 12, 12, 5, 13, 14, 2, 2, 3, 14, 3, 7, 7, 8, 6, 5, 11, 8, 10, 10, 13, 14, 3, 2, 4, 10, 6, 13, 5, 11, 12, 5, 7, 4, 10, 8, 6, 3, 14, 11, 2

Player 1's Hand: 6
Player 1 draws: 4
Player 1's discards: 4
Player 1's Hand: 6

Deck:  7, 8, 9, 13, 9, 4, 9, 11, 12, 12, 5, 13, 14, 2, 2, 3, 14, 3, 7, 7, 8, 6, 5, 11, 8, 10, 10, 13, 14, 3, 2, 4, 10, 6, 13, 5, 11, 12, 5, 7, 4, 10, 8, 6, 3, 14, 11, 2, 4

Player 2's Hand: 12
Player 2 draws: 7
Player 2's discards: 7
Player 2's Hand: 12

Deck:  8, 9, 13, 9, 4, 9, 11, 12, 12, 5, 13, 14, 2, 2, 3, 14, 3, 7, 7, 8, 6, 5, 11, 8, 10, 10, 13, 14, 3, 2, 4, 10, 6, 13, 5, 11, 12, 5, 7, 4, 10, 8, 6, 3, 14, 11, 2, 4, 7

Player 3's Hand: 9
Player 3 draws: 8
Player 3's discards: 9
Player 3's Hand: 8

Deck:  9, 13, 9, 4, 9, 11, 12, 12, 5, 13, 14, 2, 2, 3, 14, 3, 7, 7, 8, 6, 5, 11, 8, 10, 10, 13, 14, 3, 2, 4, 10, 6, 13, 5, 11, 12, 5, 7, 4, 10, 8, 6, 3, 14, 11, 2, 4, 7, 9

Player 1's Hand: 6
Player 1 draws: 9
Player 1's discards: 6
Player 1's Hand: 9

Deck:  13, 9, 4, 9, 11, 12, 12, 5, 13, 14, 2, 2, 3, 14, 3, 7, 7, 8, 6, 5, 11, 8, 10, 10, 13, 14, 3, 2, 4, 10, 6, 13, 5, 11, 12, 5, 7, 4, 10, 8, 6, 3, 14, 11, 2, 4, 7, 9, 6

Player 2's Hand: 12
Player 2 draws: 13
Player 2's discards: 12
Player 2's Hand: 13

Deck:  9, 4, 9, 11, 12, 12, 5, 13, 14, 2, 2, 3, 14, 3, 7, 7, 8, 6, 5, 11, 8, 10, 10, 13, 14, 3, 2, 4, 10, 6, 13, 5, 11, 12, 5, 7, 4, 10, 8, 6, 3, 14, 11, 2, 4, 7, 9, 6, 12

Player 3's Hand: 8
Player 3 draws: 9
Player 3's discards: 9
Player 3's Hand: 8

Deck:  4, 9, 11, 12, 12, 5, 13, 14, 2, 2, 3, 14, 3, 7, 7, 8, 6, 5, 11, 8, 10, 10, 13, 14, 3, 2, 4, 10, 6, 13, 5, 11, 12, 5, 7, 4, 10, 8, 6, 3, 14, 11, 2, 4, 7, 9, 6, 12, 9

Player 1's Hand: 9
Player 1 draws: 4
Player 1's discards: 9
Player 1's Hand: 4

Deck:  9, 11, 12, 12, 5, 13, 14, 2, 2, 3, 14, 3, 7, 7, 8, 6, 5, 11, 8, 10, 10, 13, 14, 3, 2, 4, 10, 6, 13, 5, 11, 12, 5, 7, 4, 10, 8, 6, 3, 14, 11, 2, 4, 7, 9, 6, 12, 9, 9

Player 2's Hand: 13
Player 2 draws: 9
Player 2's discards: 9
Player 2's Hand: 13

Deck:  11, 12, 12, 5, 13, 14, 2, 2, 3, 14, 3, 7, 7, 8, 6, 5, 11, 8, 10, 10, 13, 14, 3, 2, 4, 10, 6, 13, 5, 11, 12, 5, 7, 4, 10, 8, 6, 3, 14, 11, 2, 4, 7, 9, 6, 12, 9, 9, 9

Player 3's Hand: 8
Player 3 draws: 11
Player 3's discards: 8
Player 3's Hand: 11

Deck:  12, 12, 5, 13, 14, 2, 2, 3, 14, 3, 7, 7, 8, 6, 5, 11, 8, 10, 10, 13, 14, 3, 2, 4, 10, 6, 13, 5, 11, 12, 5, 7, 4, 10, 8, 6, 3, 14, 11, 2, 4, 7, 9, 6, 12, 9, 9, 9, 8

Player 1's Hand: 4
Player 1 draws: 12
Player 1's discards: 4
Player 1's Hand: 12

Deck:  12, 5, 13, 14, 2, 2, 3, 14, 3, 7, 7, 8, 6, 5, 11, 8, 10, 10, 13, 14, 3, 2, 4, 10, 6, 13, 5, 11, 12, 5, 7, 4, 10, 8, 6, 3, 14, 11, 2, 4, 7, 9, 6, 12, 9, 9, 9, 8, 4

Player 2's Hand: 13
Player 2 draws: 12
Player 2's discards: 13
Player 2's Hand: 12

Deck:  5, 13, 14, 2, 2, 3, 14, 3, 7, 7, 8, 6, 5, 11, 8, 10, 10, 13, 14, 3, 2, 4, 10, 6, 13, 5, 11, 12, 5, 7, 4, 10, 8, 6, 3, 14, 11, 2, 4, 7, 9, 6, 12, 9, 9, 9, 8, 4, 13

Player 3's Hand: 11
Player 3 draws: 5
Player 3's discards: 11
Player 3's Hand: 5

Deck:  13, 14, 2, 2, 3, 14, 3, 7, 7, 8, 6, 5, 11, 8, 10, 10, 13, 14, 3, 2, 4, 10, 6, 13, 5, 11, 12, 5, 7, 4, 10, 8, 6, 3, 14, 11, 2, 4, 7, 9, 6, 12, 9, 9, 9, 8, 4, 13, 11

Player 1's Hand: 12
Player 1 draws: 13
Player 1's discards: 13
Player 1's Hand: 12

Deck:  14, 2, 2, 3, 14, 3, 7, 7, 8, 6, 5, 11, 8, 10, 10, 13, 14, 3, 2, 4, 10, 6, 13, 5, 11, 12, 5, 7, 4, 10, 8, 6, 3, 14, 11, 2, 4, 7, 9, 6, 12, 9, 9, 9, 8, 4, 13, 11, 13

Player 2's Hand: 12
Player 2 draws: 14
Player 2's discards: 12
Player 2's Hand: 14

Deck:  2, 2, 3, 14, 3, 7, 7, 8, 6, 5, 11, 8, 10, 10, 13, 14, 3, 2, 4, 10, 6, 13, 5, 11, 12, 5, 7, 4, 10, 8, 6, 3, 14, 11, 2, 4, 7, 9, 6, 12, 9, 9, 9, 8, 4, 13, 11, 13, 12

Player 3's Hand: 5
Player 3 draws: 2
Player 3's discards: 2
Player 3's Hand: 5

Deck:  2, 3, 14, 3, 7, 7, 8, 6, 5, 11, 8, 10, 10, 13, 14, 3, 2, 4, 10, 6, 13, 5, 11, 12, 5, 7, 4, 10, 8, 6, 3, 14, 11, 2, 4, 7, 9, 6, 12, 9, 9, 9, 8, 4, 13, 11, 13, 12, 2

Player 1's Hand: 12
Player 1 draws: 2
Player 1's discards: 12
Player 1's Hand: 2

Deck:  3, 14, 3, 7, 7, 8, 6, 5, 11, 8, 10, 10, 13, 14, 3, 2, 4, 10, 6, 13, 5, 11, 12, 5, 7, 4, 10, 8, 6, 3, 14, 11, 2, 4, 7, 9, 6, 12, 9, 9, 9, 8, 4, 13, 11, 13, 12, 2, 12

Player 2's Hand: 14
Player 2 draws: 3
Player 2's discards: 14
Player 2's Hand: 3

Deck:  14, 3, 7, 7, 8, 6, 5, 11, 8, 10, 10, 13, 14, 3, 2, 4, 10, 6, 13, 5, 11, 12, 5, 7, 4, 10, 8, 6, 3, 14, 11, 2, 4, 7, 9, 6, 12, 9, 9, 9, 8, 4, 13, 11, 13, 12, 2, 12, 14

Player 3's Hand: 5
Player 3 draws: 14
Player 3's discards: 5
Player 3's Hand: 14

Deck:  3, 7, 7, 8, 6, 5, 11, 8, 10, 10, 13, 14, 3, 2, 4, 10, 6, 13, 5, 11, 12, 5, 7, 4, 10, 8, 6, 3, 14, 11, 2, 4, 7, 9, 6, 12, 9, 9, 9, 8, 4, 13, 11, 13, 12, 2, 12, 14, 5

Player 1's Hand: 2
Player 1 draws: 3
Player 1's discards: 2
Player 1's Hand: 3

Deck:  7, 7, 8, 6, 5, 11, 8, 10, 10, 13, 14, 3, 2, 4, 10, 6, 13, 5, 11, 12, 5, 7, 4, 10, 8, 6, 3, 14, 11, 2, 4, 7, 9, 6, 12, 9, 9, 9, 8, 4, 13, 11, 13, 12, 2, 12, 14, 5, 2

Player 2's Hand: 3
Player 2 draws: 7
Player 2's discards: 7
Player 2's Hand: 3

Deck:  7, 8, 6, 5, 11, 8, 10, 10, 13, 14, 3, 2, 4, 10, 6, 13, 5, 11, 12, 5, 7, 4, 10, 8, 6, 3, 14, 11, 2, 4, 7, 9, 6, 12, 9, 9, 9, 8, 4, 13, 11, 13, 12, 2, 12, 14, 5, 2, 7

Player 3's Hand: 14
Player 3 draws: 7
Player 3's discards: 7
Player 3's Hand: 14

Deck:  8, 6, 5, 11, 8, 10, 10, 13, 14, 3, 2, 4, 10, 6, 13, 5, 11, 12, 5, 7, 4, 10, 8, 6, 3, 14, 11, 2, 4, 7, 9, 6, 12, 9, 9, 9, 8, 4, 13, 11, 13, 12, 2, 12, 14, 5, 2, 7, 7

Player 1's Hand: 3
Player 1 draws: 8
Player 1's discards: 3
Player 1's Hand: 8

Deck:  6, 5, 11, 8, 10, 10, 13, 14, 3, 2, 4, 10, 6, 13, 5, 11, 12, 5, 7, 4, 10, 8, 6, 3, 14, 11, 2, 4, 7, 9, 6, 12, 9, 9, 9, 8, 4, 13, 11, 13, 12, 2, 12, 14, 5, 2, 7, 7, 3

Player 2's Hand: 3
Player 2 draws: 6
Player 2's discards: 3
Player 2's Hand: 6

Deck:  5, 11, 8, 10, 10, 13, 14, 3, 2, 4, 10, 6, 13, 5, 11, 12, 5, 7, 4, 10, 8, 6, 3, 14, 11, 2, 4, 7, 9, 6, 12, 9, 9, 9, 8, 4, 13, 11, 13, 12, 2, 12, 14, 5, 2, 7, 7, 3, 3

Player 3's Hand: 14
Player 3 draws: 5
Player 3's discards: 5
Player 3's Hand: 14

Deck:  11, 8, 10, 10, 13, 14, 3, 2, 4, 10, 6, 13, 5, 11, 12, 5, 7, 4, 10, 8, 6, 3, 14, 11, 2, 4, 7, 9, 6, 12, 9, 9, 9, 8, 4, 13, 11, 13, 12, 2, 12, 14, 5, 2, 7, 7, 3, 3, 5

Player 1's Hand: 8
Player 1 draws: 11
Player 1's discards: 8
Player 1's Hand: 11

Deck:  8, 10, 10, 13, 14, 3, 2, 4, 10, 6, 13, 5, 11, 12, 5, 7, 4, 10, 8, 6, 3, 14, 11, 2, 4, 7, 9, 6, 12, 9, 9, 9, 8, 4, 13, 11, 13, 12, 2, 12, 14, 5, 2, 7, 7, 3, 3, 5, 8

Player 2's Hand: 6
Player 2 draws: 8
Player 2's discards: 8
Player 2's Hand: 6

Deck:  10, 10, 13, 14, 3, 2, 4, 10, 6, 13, 5, 11, 12, 5, 7, 4, 10, 8, 6, 3, 14, 11, 2, 4, 7, 9, 6, 12, 9, 9, 9, 8, 4, 13, 11, 13, 12, 2, 12, 14, 5, 2, 7, 7, 3, 3, 5, 8, 8

Player 3's Hand: 14
Player 3 draws: 10
Player 3's discards: 14
Player 3's Hand: 10

Deck:  10, 13, 14, 3, 2, 4, 10, 6, 13, 5, 11, 12, 5, 7, 4, 10, 8, 6, 3, 14, 11, 2, 4, 7, 9, 6, 12, 9, 9, 9, 8, 4, 13, 11, 13, 12, 2, 12, 14, 5, 2, 7, 7, 3, 3, 5, 8, 8, 14

Player 1's Hand: 11
Player 1 draws: 10
Player 1's discards: 11
Player 1's Hand: 10

Deck:  13, 14, 3, 2, 4, 10, 6, 13, 5, 11, 12, 5, 7, 4, 10, 8, 6, 3, 14, 11, 2, 4, 7, 9, 6, 12, 9, 9, 9, 8, 4, 13, 11, 13, 12, 2, 12, 14, 5, 2, 7, 7, 3, 3, 5, 8, 8, 14, 11

Player 2's Hand: 6
Player 2 draws: 13
Player 2's discards: 13
Player 2's Hand: 6

Deck:  14, 3, 2, 4, 10, 6, 13, 5, 11, 12, 5, 7, 4, 10, 8, 6, 3, 14, 11, 2, 4, 7, 9, 6, 12, 9, 9, 9, 8, 4, 13, 11, 13, 12, 2, 12, 14, 5, 2, 7, 7, 3, 3, 5, 8, 8, 14, 11, 13

Player 3's Hand: 10
Player 3 draws: 14
Player 3's discards: 14
Player 3's Hand: 10

Deck:  3, 2, 4, 10, 6, 13, 5, 11, 12, 5, 7, 4, 10, 8, 6, 3, 14, 11, 2, 4, 7, 9, 6, 12, 9, 9, 9, 8, 4, 13, 11, 13, 12, 2, 12, 14, 5, 2, 7, 7, 3, 3, 5, 8, 8, 14, 11, 13, 14

Player 1's Hand: 10
Player 1 draws: 3
Player 1's discards: 10
Player 1's Hand: 3

Deck:  2, 4, 10, 6, 13, 5, 11, 12, 5, 7, 4, 10, 8, 6, 3, 14, 11, 2, 4, 7, 9, 6, 12, 9, 9, 9, 8, 4, 13, 11, 13, 12, 2, 12, 14, 5, 2, 7, 7, 3, 3, 5, 8, 8, 14, 11, 13, 14, 10

Player 2's Hand: 6
Player 2 draws: 2
Player 2's discards: 6
Player 2's Hand: 2

Deck:  4, 10, 6, 13, 5, 11, 12, 5, 7, 4, 10, 8, 6, 3, 14, 11, 2, 4, 7, 9, 6, 12, 9, 9, 9, 8, 4, 13, 11, 13, 12, 2, 12, 14, 5, 2, 7, 7, 3, 3, 5, 8, 8, 14, 11, 13, 14, 10, 6

Player 3's Hand: 10
Player 3 draws: 4
Player 3's discards: 10
Player 3's Hand: 4

Deck:  10, 6, 13, 5, 11, 12, 5, 7, 4, 10, 8, 6, 3, 14, 11, 2, 4, 7, 9, 6, 12, 9, 9, 9, 8, 4, 13, 11, 13, 12, 2, 12, 14, 5, 2, 7, 7, 3, 3, 5, 8, 8, 14, 11, 13, 14, 10, 6, 10

Player 1's Hand: 3
Player 1 draws: 10
Player 1's discards: 10
Player 1's Hand: 3

Deck:  6, 13, 5, 11, 12, 5, 7, 4, 10, 8, 6, 3, 14, 11, 2, 4, 7, 9, 6, 12, 9, 9, 9, 8, 4, 13, 11, 13, 12, 2, 12, 14, 5, 2, 7, 7, 3, 3, 5, 8, 8, 14, 11, 13, 14, 10, 6, 10, 10

Player 2's Hand: 2
Player 2 draws: 6
Player 2's discards: 2
Player 2's Hand: 6

Deck:  13, 5, 11, 12, 5, 7, 4, 10, 8, 6, 3, 14, 11, 2, 4, 7, 9, 6, 12, 9, 9, 9, 8, 4, 13, 11, 13, 12, 2, 12, 14, 5, 2, 7, 7, 3, 3, 5, 8, 8, 14, 11, 13, 14, 10, 6, 10, 10, 2

Player 3's Hand: 4
Player 3 draws: 13
Player 3's discards: 13
Player 3's Hand: 4

Deck:  5, 11, 12, 5, 7, 4, 10, 8, 6, 3, 14, 11, 2, 4, 7, 9, 6, 12, 9, 9, 9, 8, 4, 13, 11, 13, 12, 2, 12, 14, 5, 2, 7, 7, 3, 3, 5, 8, 8, 14, 11, 13, 14, 10, 6, 10, 10, 2, 13

Player 1's Hand: 3
Player 1 draws: 5
Player 1's discards: 3
Player 1's Hand: 5

Deck:  11, 12, 5, 7, 4, 10, 8, 6, 3, 14, 11, 2, 4, 7, 9, 6, 12, 9, 9, 9, 8, 4, 13, 11, 13, 12, 2, 12, 14, 5, 2, 7, 7, 3, 3, 5, 8, 8, 14, 11, 13, 14, 10, 6, 10, 10, 2, 13, 3

Player 2's Hand: 6
Player 2 draws: 11
Player 2's discards: 6
Player 2's Hand: 11

Deck:  12, 5, 7, 4, 10, 8, 6, 3, 14, 11, 2, 4, 7, 9, 6, 12, 9, 9, 9, 8, 4, 13, 11, 13, 12, 2, 12, 14, 5, 2, 7, 7, 3, 3, 5, 8, 8, 14, 11, 13, 14, 10, 6, 10, 10, 2, 13, 3, 6

Player 3's Hand: 4
Player 3 draws: 12
Player 3's discards: 4
Player 3's Hand: 12

Deck:  5, 7, 4, 10, 8, 6, 3, 14, 11, 2, 4, 7, 9, 6, 12, 9, 9, 9, 8, 4, 13, 11, 13, 12, 2, 12, 14, 5, 2, 7, 7, 3, 3, 5, 8, 8, 14, 11, 13, 14, 10, 6, 10, 10, 2, 13, 3, 6, 4

Player 1's Hand: 5
Player 1 draws: 5
Player 1's Hand: 5, 5
Player 1 has won.

Deck:  7, 4, 10, 8, 6, 3, 14, 11, 2, 4, 7, 9, 6, 12, 9, 9, 9, 8, 4, 13, 11, 13, 12, 2, 12, 14, 5, 2, 7, 7, 3, 3, 5, 8, 8, 14, 11, 13, 14, 10, 6, 10, 10, 2, 13, 3, 6, 4


Program is done.
