Game is starting.
Seed is: 1
Dealer shuffling.

Round 1
---------------------------

Deck:  12, 2, 8, 11, 6, 10, 2, 2, 8, 14, 5, 14, 4, 11, 8, 3, 4, 9, 12, 6, 7, 4, 3, 14, 13, 10, 14, 3, 2, 9, 3, 10, 12, 4, 12, 6, 9, 5, 5, 5, 9, 7, 13, 10, 7, 13, 6, 8, 13

Player 1's Hand: 11
Player 1 draws: 12
Player 1's discards: 12
Player 1's Hand: 11

Deck:  2, 8, 11, 6, 10, 2, 2, 8, 14, 5, 14, 4, 11, 8, 3, 4, 9, 12, 6, 7, 4, 3, 14, 13, 10, 14, 3, 2, 9, 3, 10, 12, 4, 12, 6, 9, 5, 5, 5, 9, 7, 13, 10, 7, 13, 6, 8, 13, 12

Player 2's Hand: 7
Player 2 draws: 2
Player 2's discards: 2
Player 2's Hand: 7

Deck:  8, 11, 6, 10, 2, 2, 8, 14, 5, 14, 4, 11, 8, 3, 4, 9, 12, 6, 7, 4, 3, 14, 13, 10, 14, 3, 2, 9, 3, 10, 12, 4, 12, 6, 9, 5, 5, 5, 9, 7, 13, 10, 7, 13, 6, 8, 13, 12, 2

Player 3's Hand: 11
Player 3 draws: 8
Player 3's discards: 11
Player 3's Hand: 8

Deck:  11, 6, 10, 2, 2, 8, 14, 5, 14, 4, 11, 8, 3, 4, 9, 12, 6, 7, 4, 3, 14, 13, 10, 14, 3, 2, 9, 3, 10, 12, 4, 12, 6, 9, 5, 5, 5, 9, 7, 13, 10, 7, 13, 6, 8, 13, 12, 2, 11

Player 1's Hand: 11
Player 1 draws: 11
Player 1's Hand: 11, 11
Player 1 has won.

Deck:  6, 10, 2, 2, 8, 14, 5, 14, 4, 11, 8, 3, 4, 9, 12, 6, 7, 4, 3, 14, 13, 10, 14, 3, 2, 9, 3, 10, 12, 4, 12, 6, 9, 5, 5, 5, 9, 7, 13, 10, 7, 13, 6, 8, 13, 12, 2, 11

Dealer shuffling.

Round 2
---------------------------

Deck:  12, 14, 10, 4, 12, 12, 5, 14, 6, 4, 6, 8, 2, 9, 8, 3, 10, 10, 6, 2, 3, 9, 13, 9, 3, 2, 7, 14, 3, 7, 7, 13, 10, 9, 8, 5, 13, 6, 11, 2, 7, 11, 14, 11, 12, 11, 4, 8, 13

Player 2's Hand: 4
Player 2 draws: 12
Player 2's discards: 4
Player 2's Hand: 12

Deck:  14, 10, 4, 12, 12, 5, 14, 6, 4, 6, 8, 2, 9, 8, 3, 10, 10, 6, 2, 3, 9, 13, 9, 3, 2, 7, 14, 3, 7, 7, 13, 10, 9, 8, 5, 13, 6, 11, 2, 7, 11, 14, 11, 12, 11, 4, 8, 13, 4

Player 3's Hand: 5
Player 3 draws: 14
Player 3's discards: 14
Player 3's Hand: 5

Deck:  10, 4, 12, 12, 5, 14, 6, 4, 6, 8, 2, 9, 8, 3, 10, 10, 6, 2, 3, 9, 13, 9, 3, 2, 7, 14, 3, 7, 7, 13, 10, 9, 8, 5, 13, 6, 11, 2, 7, 11, 14, 11, 12, 11, 4, 8, 13, 4, 14

Player 1's Hand: 5
Player 1 draws: 10
Player 1's discards: 10
Player 1's Hand: 5

Deck:  4, 12, 12, 5, 14, 6, 4, 6, 8, 2, 9, 8, 3, 10, 10, 6, 2, 3, 9, 13, 9, 3, 2, 7, 14, 3, 7, 7, 13, 10, 9, 8, 5, 13, 6, 11, 2, 7, 11, 14, 11, 12, 11, 4, 8, 13, 4, 14, 10

Player 2's Hand: 12
Player 2 draws: 4
Player 2's discards: 12
Player 2's Hand: 4

Deck:  12, 12, 5, 14, 6, 4, 6, 8, 2, 9, 8, 3, 10, 10, 6, 2, 3, 9, 13, 9, 3, 2, 7, 14, 3, 7, 7, 13, 10, 9, 8, 5, 13, 6, 11, 2, 7, 11, 14, 11, 12, 11, 4, 8, 13, 4, 14, 10, 12

Player 3's Hand: 5
Player 3 draws: 12
Player 3's discards: 5
Player 3's Hand: 12

Deck:  12, 5, 14, 6, 4, 6, 8, 2, 9, 8, 3, 10, 10, 6, 2, 3, 9, 13, 9, 3, 2, 7, 14, 3, 7, 7, 13, 10, 9, 8, 5, 13, 6, 11, 2, 7, 11, 14, 11, 12, 11, 4, 8, 13, 4, 14, 10, 12, 5

Player 1's Hand: 5
Player 1 draws: 12
Player 1's discards: 12
Player 1's Hand: 5

Deck:  5, 14, 6, 4, 6, 8, 2, 9, 8, 3, 10, 10, 6, 2, 3, 9, 13, 9, 3, 2, 7, 14, 3, 7, 7, 13, 10, 9, 8, 5, 13, 6, 11, 2, 7, 11, 14, 11, 12, 11, 4, 8, 13, 4, 14, 10, 12, 5, 12

Player 2's Hand: 4
Player 2 draws: 5
Player 2's discards: 4
Player 2's Hand: 5

Deck:  14, 6, 4, 6, 8, 2, 9, 8, 3, 10, 10, 6, 2, 3, 9, 13, 9, 3, 2, 7, 14, 3, 7, 7, 13, 10, 9, 8, 5, 13, 6, 11, 2, 7, 11, 14, 11, 12, 11, 4, 8, 13, 4, 14, 10, 12, 5, 12, 4

Player 3's Hand: 12
Player 3 draws: 14
Player 3's discards: 12
Player 3's Hand: 14

Deck:  6, 4, 6, 8, 2, 9, 8, 3, 10, 10, 6, 2, 3, 9, 13, 9, 3, 2, 7, 14, 3, 7, 7, 13, 10, 9, 8, 5, 13, 6, 11, 2, 7, 11, 14, 11, 12, 11, 4, 8, 13, 4, 14, 10, 12, 5, 12, 4, 12

Player 1's Hand: 5
Player 1 draws: 6
Player 1's discards: 5
Player 1's Hand: 6

Deck:  4, 6, 8, 2, 9, 8, 3, 10, 10, 6, 2, 3, 9, 13, 9, 3, 2, 7, 14, 3, 7, 7, 13, 10, 9, 8, 5, 13, 6, 11, 2, 7, 11, 14, 11, 12, 11, 4, 8, 13, 4, 14, 10, 12, 5, 12, 4, 12, 5

Player 2's Hand: 5
Player 2 draws: 4
Player 2's discards: 5
Player 2's Hand: 4

Deck:  6, 8, 2, 9, 8, 3, 10, 10, 6, 2, 3, 9, 13, 9, 3, 2, 7, 14, 3, 7, 7, 13, 10, 9, 8, 5, 13, 6, 11, 2, 7, 11, 14, 11, 12, 11, 4, 8, 13, 4, 14, 10, 12, 5, 12, 4, 12, 5, 5

Player 3's Hand: 14
Player 3 draws: 6
Player 3's discards: 14
Player 3's Hand: 6

Deck:  8, 2, 9, 8, 3, 10, 10, 6, 2, 3, 9, 13, 9, 3, 2, 7, 14, 3, 7, 7, 13, 10, 9, 8, 5, 13, 6, 11, 2, 7, 11, 14, 11, 12, 11, 4, 8, 13, 4, 14, 10, 12, 5, 12, 4, 12, 5, 5, 14

Player 1's Hand: 6
Player 1 draws: 8
Player 1's discards: 8
Player 1's Hand: 6

Deck:  2, 9, 8, 3, 10, 10, 6, 2, 3, 9, 13, 9, 3, 2, 7, 14, 3, 7, 7, 13, 10, 9, 8, 5, 13, 6, 11, 2, 7, 11, 14, 11, 12, 11, 4, 8, 13, 4, 14, 10, 12, 5, 12, 4, 12, 5, 5, 14, 8

Player 2's Hand: 4
Player 2 draws: 2
Player 2's discards: 4
Player 2's Hand: 2

Deck:  9, 8, 3, 10, 10, 6, 2, 3, 9, 13, 9, 3, 2, 7, 14, 3, 7, 7, 13, 10, 9, 8, 5, 13, 6, 11, 2, 7, 11, 14, 11, 12, 11, 4, 8, 13, 4, 14, 10, 12, 5, 12, 4, 12, 5, 5, 14, 8, 4

Player 3's Hand: 6
Player 3 draws: 9
Player 3's discards: 6
Player 3's Hand: 9

Deck:  8, 3, 10, 10, 6, 2, 3, 9, 13, 9, 3, 2, 7, 14, 3, 7, 7, 13, 10, 9, 8, 5, 13, 6, 11, 2, 7, 11, 14, 11, 12, 11, 4, 8, 13, 4, 14, 10, 12, 5, 12, 4, 12, 5, 5, 14, 8, 4, 6

Player 1's Hand: 6
Player 1 draws: 8
Player 1's discards: 6
Player 1's Hand: 8

Deck:  3, 10, 10, 6, 2, 3, 9, 13, 9, 3, 2, 7, 14, 3, 7, 7, 13, 10, 9, 8, 5, 13, 6, 11, 2, 7, 11, 14, 11, 12, 11, 4, 8, 13, 4, 14, 10, 12, 5, 12, 4, 12, 5, 5, 14, 8, 4, 6, 6

Player 2's Hand: 2
Player 2 draws: 3
Player 2's discards: 3
Player 2's Hand: 2

Deck:  10, 10, 6, 2, 3, 9, 13, 9, 3, 2, 7, 14, 3, 7, 7, 13, 10, 9, 8, 5, 13, 6, 11, 2, 7, 11, 14, 11, 12, 11, 4, 8, 13, 4, 14, 10, 12, 5, 12, 4, 12, 5, 5, 14, 8, 4, 6, 6, 3

Player 3's Hand: 9
Player 3 draws: 10
Player 3's discards: 9
Player 3's Hand: 10

Deck:  10, 6, 2, 3, 9, 13, 9, 3, 2, 7, 14, 3, 7, 7, 13, 10, 9, 8, 5, 13, 6, 11, 2, 7, 11, 14, 11, 12, 11, 4, 8, 13, 4, 14, 10, 12, 5, 12, 4, 12, 5, 5, 14, 8, 4, 6, 6, 3, 9

Player 1's Hand: 8
Player 1 draws: 10
Player 1's discards: 8
Player 1's Hand: 10

Deck:  6, 2, 3, 9, 13, 9, 3, 2, 7, 14, 3, 7, 7, 13, 10, 9, 8, 5, 13, 6, 11, 2, 7, 11, 14, 11, 12, 11, 4, 8, 13, 4, 14, 10, 12, 5, 12, 4, 12, 5, 5, 14, 8, 4, 6, 6, 3, 9, 8

Player 2's Hand: 2
Player 2 draws: 6
Player 2's discards: 2
Player 2's Hand: 6

Deck:  2, 3, 9, 13, 9, 3, 2, 7, 14, 3, 7, 7, 13, 10, 9, 8, 5, 13, 6, 11, 2, 7, 11, 14, 11, 12, 11, 4, 8, 13, 4, 14, 10, 12, 5, 12, 4, 12, 5, 5, 14, 8, 4, 6, 6, 3, 9, 8, 2

Player 3's Hand: 10
Player 3 draws: 2
Player 3's discards: 10
Player 3's Hand: 2

Deck:  3, 9, 13, 9, 3, 2, 7, 14, 3, 7, 7, 13, 10, 9, 8, 5, 13, 6, 11, 2, 7, 11, 14, 11, 12, 11, 4, 8, 13, 4, 14, 10, 12, 5, 12, 4, 12, 5, 5, 14, 8, 4, 6, 6, 3, 9, 8, 2, 10

Player 1's Hand: 10
Player 1 draws: 3
Player 1's discards: 10
Player 1's Hand: 3

Deck:  9, 13, 9, 3, 2, 7, 14, 3, 7, 7, 13, 10, 9, 8, 5, 13, 6, 11, 2, 7, 11, 14, 11, 12, 11, 4, 8, 13, 4, 14, 10, 12, 5, 12, 4, 12, 5, 5, 14, 8, 4, 6, 6, 3, 9, 8, 2, 10, 10

Player 2's Hand: 6
Player 2 draws: 9
Player 2's discards: 6
Player 2's Hand: 9

Deck:  13, 9, 3, 2, 7, 14, 3, 7, 7, 13, 10, 9, 8, 5, 13, 6, 11, 2, 7, 11, 14, 11, 12, 11, 4, 8, 13, 4, 14, 10, 12, 5, 12, 4, 12, 5, 5, 14, 8, 4, 6, 6, 3, 9, 8, 2, 10, 10, 6

Player 3's Hand: 2
Player 3 draws: 13
Player 3's discards: 13
Player 3's Hand: 2

Deck:  9, 3, 2, 7, 14, 3, 7, 7, 13, 10, 9, 8, 5, 13, 6, 11, 2, 7, 11, 14, 11, 12, 11, 4, 8, 13, 4, 14, 10, 12, 5, 12, 4, 12, 5, 5, 14, 8, 4, 6, 6, 3, 9, 8, 2, 10, 10, 6, 13

Player 1's Hand: 3
Player 1 draws: 9
Player 1's discards: 3
Player 1's Hand: 9

Deck:  3, 2, 7, 14, 3, 7, 7, 13, 10, 9, 8, 5, 13, 6, 11, 2, 7, 11, 14, 11, 12, 11, 4, 8, 13, 4, 14, 10, 12, 5, 12, 4, 12, 5, 5, 14, 8, 4, 6, 6, 3, 9, 8, 2, 10, 10, 6, 13, 3

Player 2's Hand: 9
Player 2 draws: 3
Player 2's discards: 3
Player 2's Hand: 9

Deck:  2, 7, 14, 3, 7, 7, 13, 10, 9, 8, 5, 13, 6, 11, 2, 7, 11, 14, 11, 12, 11, 4, 8, 13, 4, 14, 10, 12, 5, 12, 4, 12, 5, 5, 14, 8, 4, 6, 6, 3, 9, 8, 2, 10, 10, 6, 13, 3, 3

Player 3's Hand: 2
Player 3 draws: 2
Player 3's Hand: 2, 2
Player 3 has won.

Deck:  7, 14, 3, 7, 7, 13, 10, 9, 8, 5, 13, 6, 11, 2, 7, 11, 14, 11, 12, 11, 4, 8, 13, 4, 14, 10, 12, 5, 12, 4, 12, 5, 5, 14, 8, 4, 6, 6, 3, 9, 8, 2, 10, 10, 6, 13, 3, 3

Dealer shuffling.

Round 3
---------------------------

Deck:  10, 2, 9, 6, 11, 12, 10, 3, 2, 5, 14, 7, 14, 2, 5, 4, 9, 3, 8, 12, 14, 5, 9, 6, 3, 8, 10, 11, 2, 9, 5, 7, 13, 7, 14, 13, 13, 10, 12, 4, 3, 11, 13, 8, 6, 4, 11, 12, 7

Player 3's Hand: 4
Player 3 draws: 10
Player 3's discards: 4
Player 3's Hand: 10

Deck:  2, 9, 6, 11, 12, 10, 3, 2, 5, 14, 7, 14, 2, 5, 4, 9, 3, 8, 12, 14, 5, 9, 6, 3, 8, 10, 11, 2, 9, 5, 7, 13, 7, 14, 13, 13, 10, 12, 4, 3, 11, 13, 8, 6, 4, 11, 12, 7, 4

Player 1's Hand: 8
Player 1 draws: 2
Player 1's discards: 2
Player 1's Hand: 8

Deck:  9, 6, 11, 12, 10, 3, 2, 5, 14, 7, 14, 2, 5, 4, 9, 3, 8, 12, 14, 5, 9, 6, 3, 8, 10, 11, 2, 9, 5, 7, 13, 7, 14, 13, 13, 10, 12, 4, 3, 11, 13, 8, 6, 4, 11, 12, 7, 4, 2

Player 2's Hand: 6
Player 2 draws: 9
Player 2's discards: 9
Player 2's Hand: 6

Deck:  6, 11, 12, 10, 3, 2, 5, 14, 7, 14, 2, 5, 4, 9, 3, 8, 12, 14, 5, 9, 6, 3, 8, 10, 11, 2, 9, 5, 7, 13, 7, 14, 13, 13, 10, 12, 4, 3, 11, 13, 8, 6, 4, 11, 12, 7, 4, 2, 9

Player 3's Hand: 10
Player 3 draws: 6
Player 3's discards: 6
Player 3's Hand: 10

Deck:  11, 12, 10, 3, 2, 5, 14, 7, 14, 2, 5, 4, 9, 3, 8, 12, 14, 5, 9, 6, 3, 8, 10, 11, 2, 9, 5, 7, 13, 7, 14, 13, 13, 10, 12, 4, 3, 11, 13, 8, 6, 4, 11, 12, 7, 4, 2, 9, 6

Player 1's Hand: 8
Player 1 draws: 11
Player 1's discards: 11
Player 1's Hand: 8

Deck:  12, 10, 3, 2, 5, 14, 7, 14, 2, 5, 4, 9, 3, 8, 12, 14, 5, 9, 6, 3, 8, 10, 11, 2, 9, 5, 7, 13, 7, 14, 13, 13, 10, 12, 4, 3, 11, 13, 8, 6, 4, 11, 12, 7, 4, 2, 9, 6, 11

Player 2's Hand: 6
Player 2 draws: 12
Player 2's discards: 12
Player 2's Hand: 6

Deck:  10, 3, 2, 5, 14, 7, 14, 2, 5, 4, 9, 3, 8, 12, 14, 5, 9, 6, 3, 8, 10, 11, 2, 9, 5, 7, 13, 7, 14, 13, 13, 10, 12, 4, 3, 11, 13, 8, 6, 4, 11, 12, 7, 4, 2, 9, 6, 11, 12

Player 3's Hand: 10
Player 3 draws: 10
Player 3's Hand: 10, 10
Player 3 has won.

Deck:  3, 2, 5, 14, 7, 14, 2, 5, 4, 9, 3, 8, 12, 14, 5, 9, 6, 3, 8, 10, 11, 2, 9, 5, 7, 13, 7, 14, 13, 13, 10, 12, 4, 3, 11, 13, 8, 6, 4, 11, 12, 7, 4, 2, 9, 6, 11, 12


Program is done.
