Game is starting.
Seed is: 42
Dealer shuffling.

Round 1
---------------------------

Deck:  10, 11, 6, 11, 14, 9, 11, 4, 14, 6, 13, 9, 10, 9, 12, 7, 12, 12, 6, 4, 7, 5, 3, 13, 13, 2, 8, 10, 2, 4, 7, 5, 2, 13, 10, 4, 9, 3, 11, 14, 12, 7, 6, 3, 8, 5, 8, 3, 2

Player 1's Hand: 14
Player 1 draws: 10
Player 1's discards: 14
Player 1's Hand: 10

Deck:  11, 6, 11, 14, 9, 11, 4, 14, 6, 13, 9, 10, 9, 12, 7, 12, 12, 6, 4, 7, 5, 3, 13, 13, 2, 8, 10, 2, 4, 7, 5, 2, 13, 10, 4, 9, 3, 11, 14, 12, 7, 6, 3, 8, 5, 8, 3, 2, 14

Player 2's Hand: 8
Player 2 draws: 11
Player 2's discards: 11
Player 2's Hand: 8

Deck:  6, 11, 14, 9, 11, 4, 14, 6, 13, 9, 10, 9, 12, 7, 12, 12, 6, 4, 7, 5, 3, 13, 13, 2, 8, 10, 2, 4, 7, 5, 2, 13, 10, 4, 9, 3, 11, 14, 12, 7, 6, 3, 8, 5, 8, 3, 2, 14, 11

Player 3's Hand: 5
Player 3 draws: 6
Player 3's discards: 6
Player 3's Hand: 5

Deck:  11, 14, 9, 11, 4, 14, 6, 13, 9, 10, 9, 12, 7, 12, 12, 6, 4, 7, 5, 3, 13, 13, 2, 8, 10, 2, 4, 7, 5, 2, 13, 10, 4, 9, 3, 11, 14, 12, 7, 6, 3, 8, 5, 8, 3, 2, 14, 11, 6

Player 1's Hand: 10
Player 1 draws: 11
Player 1's discards: 10
Player 1's Hand: 11

Deck:  14, 9, 11, 4, 14, 6, 13, 9, 10, 9, 12, 7, 12, 12, 6, 4, 7, 5, 3, 13, 13, 2, 8, 10, 2, 4, 7, 5, 2, 13, 10, 4, 9, 3, 11, 14, 12, 7, 6, 3, 8, 5, 8, 3, 2, 14, 11, 6, 10

Player 2's Hand: 8
Player 2 draws: 14
Player 2's discards: 8
Player 2's Hand: 14

Deck:  9, 11, 4, 14, 6, 13, 9, 10, 9, 12, 7, 12, 12, 6, 4, 7, 5, 3, 13, 13, 2, 8, 10, 2, 4, 7, 5, 2, 13, 10, 4, 9, 3, 11, 14, 12, 7, 6, 3, 8, 5, 8, 3, 2, 14, 11, 6, 10, 8

Player 3's Hand: 5
Player 3 draws: 9
Player 3's discards: 9
Player 3's Hand: 5

Deck:  11, 4, 14, 6, 13, 9, 10, 9, 12, 7, 12, 12, 6, 4, 7, 5, 3, 13, 13, 2, 8, 10, 2, 4, 7, 5, 2, 13, 10, 4, 9, 3, 11, 14, 12, 7, 6, 3, 8, 5, 8, 3, 2, 14, 11, 6, 10, 8, 9

Player 1's Hand: 11
Player 1 draws: 11
Player 1's Hand: 11, 11
Player 1 has won.

Deck:  4, 14, 6, 13, 9, 10, 9, 12, 7, 12, 12, 6, 4, 7, 5, 3, 13, 13, 2, 8, 10, 2, 4, 7, 5, 2, 13, 10, 4, 9, 3, 11, 14, 12, 7, 6, 3, 8, 5, 8, 3, 2, 14, 11, 6, 10, 8, 9

Dealer shuffling.

Round 2
---------------------------

Deck:  5, 13, 10, 7, 13, 7, 6, 9, 12, 12, 10, 7, 4, 14, 5, 11, 7, 10, 2, 13, 4, 14, 2, 12, 13, 4, 6, 3, 14, 3, 9, 11, 8, 10, 11, 8, 11, 5, 2, 5, 9, 9, 8, 14, 6, 8, 6, 3, 12

Player 2's Hand: 2
Player 2 draws: 5
Player 2's discards: 2
Player 2's Hand: 5

Deck:  13, 10, 7, 13, 7, 6, 9, 12, 12, 10, 7, 4, 14, 5, 11, 7, 10, 2, 13, 4, 14, 2, 12, 13, 4, 6, 3, 14, 3, 9, 11, 8, 10, 11, 8, 11, 5, 2, 5, 9, 9, 8, 14, 6, 8, 6, 3, 12, 2

Player 3's Hand: 3
Player 3 draws: 13
Player 3's discards: 3
Player 3's Hand: 13

Deck:  10, 7, 13, 7, 6, 9, 12, 12, 10, 7, 4, 14, 5, 11, 7, 10, 2, 13, 4, 14, 2, 12, 13, 4, 6, 3, 14, 3, 9, 11, 8, 10, 11, 8, 11, 5, 2, 5, 9, 9, 8, 14, 6, 8, 6, 3, 12, 2, 3

Player 1's Hand: 4
Player 1 draws: 10
Player 1's discards: 4
Player 1's Hand: 10

Deck:  7, 13, 7, 6, 9, 12, 12, 10, 7, 4, 14, 5, 11, 7, 10, 2, 13, 4, 14, 2, 12, 13, 4, 6, 3, 14, 3, 9, 11, 8, 10, 11, 8, 11, 5, 2, 5, 9, 9, 8, 14, 6, 8, 6, 3, 12, 2, 3, 4

Player 2's Hand: 5
Player 2 draws: 7
Player 2's discards: 7
Player 2's Hand: 5

Deck:  13, 7, 6, 9, 12, 12, 10, 7, 4, 14, 5, 11, 7, 10, 2, 13, 4, 14, 2, 12, 13, 4, 6, 3, 14, 3, 9, 11, 8, 10, 11, 8, 11, 5, 2, 5, 9, 9, 8, 14, 6, 8, 6, 3, 12, 2, 3, 4, 7

Player 3's Hand: 13
Player 3 draws: 13
Player 3's Hand: 13, 13
Player 3 has won.

Deck:  7, 6, 9, 12, 12, 10, 7, 4, 14, 5, 11, 7, 10, 2, 13, 4, 14, 2, 12, 13, 4, 6, 3, 14, 3, 9, 11, 8, 10, 11, 8, 11, 5, 2, 5, 9, 9, 8, 14, 6, 8, 6, 3, 12, 2, 3, 4, 7

Dealer shuffling.

Round 3
---------------------------

Deck:  11, 2, 8, 12, 2, 7, 5, 5, 2, 7, 14, 10, 7, 10, 3, 8, 14, 2, 3, 13, 6, 4, 10, 13, 5, 5, 4, 11, 12, 14, 7, 8, 8, 12, 4, 6, 11, 3, 10, 12, 9, 3, 9, 6, 13, 6, 13, 4, 9

Player 3's Hand: 11
Player 3 draws: 11
Player 3's Hand: 11, 11
Player 3 has won.

Deck:  2, 8, 12, 2, 7, 5, 5, 2, 7, 14, 10, 7, 10, 3, 8, 14, 2, 3, 13, 6, 4, 10, 13, 5, 5, 4, 11, 12, 14, 7, 8, 8, 12, 4, 6, 11, 3, 10, 12, 9, 3, 9, 6, 13, 6, 13, 4, 9


Program is done.
