Game is starting.
Seed is: 512
Dealer shuffling.

Round 1
---------------------------

Deck:  5, 11, 4, 13, 5, 9, 9, 9, 3, 10, 2, 3, 2, 13, 8, 10, 6, 12, 11, 8, 6, 13, 2, 11, 6, 7, 14, 5, 3, 10, 14, 11, 13, 9, 12, 3, 12, 8, 6, 2, 10, 7, 14, 4, 12, 7, 8, 4, 14

Player 1's Hand: 5
Player 1 draws: 5
Player 1's Hand: 5, 5
Player 1 has won.

Deck:  11, 4, 13, 5, 9, 9, 9, 3, 10, 2, 3, 2, 13, 8, 10, 6, 12, 11, 8, 6, 13, 2, 11, 6, 7, 14, 5, 3, 10, 14, 11, 13, 9, 12, 3, 12, 8, 6, 2, 10, 7, 14, 4, 12, 7, 8, 4, 14

Dealer shuffling.

Round 2
---------------------------

Deck:  6, 7, 9, 8, 3, 2, 14, 7, 13, 9, 4, 11, 12, 12, 9, 14, 13, 4, 4, 8, 3, 6, 5, 10, 4, 7, 10, 5, 2, 12, 10, 8, 6, 5, 11, 2, 3, 12, 7, 6, 11, 14, 9, 13, 8, 11, 3, 10, 14

Player 2's Hand: 5
Player 2 draws: 6
Player 2's discards: 6
Player 2's Hand: 5

Deck:  7, 9, 8, 3, 2, 14, 7, 13, 9, 4, 11, 12, 12, 9, 14, 13, 4, 4, 8, 3, 6, 5, 10, 4, 7, 10, 5, 2, 12, 10, 8, 6, 5, 11, 2, 3, 12, 7, 6, 11, 14, 9, 13, 8, 11, 3, 10, 14, 6

Player 3's Hand: 2
Player 3 draws: 7
Player 3's discards: 2
Player 3's Hand: 7

Deck:  9, 8, 3, 2, 14, 7, 13, 9, 4, 11, 12, 12, 9, 14, 13, 4, 4, 8, 3, 6, 5, 10, 4, 7, 10, 5, 2, 12, 10, 8, 6, 5, 11, 2, 3, 12, 7, 6, 11, 14, 9, 13, 8, 11, 3, 10, 14, 6, 2

Player 1's Hand: 13
Player 1 draws: 9
Player 1's discards: 9
Player 1's Hand: 13

Deck:  8, 3, 2, 14, 7, 13, 9, 4, 11, 12, 12, 9, 14, 13, 4, 4, 8, 3, 6, 5, 10, 4, 7, 10, 5, 2, 12, 10, 8, 6, 5, 11, 2, 3, 12, 7, 6, 11, 14, 9, 13, 8, 11, 3, 10, 14, 6, 2, 9

Player 2's Hand: 5
Player 2 draws: 8
Player 2's discards: 5
Player 2's Hand: 8

Deck:  3, 2, 14, 7, 13, 9, 4, 11, 12, 12, 9, 14, 13, 4, 4, 8, 3, 6, 5, 10, 4, 7, 10, 5, 2, 12, 10, 8, 6, 5, 11, 2, 3, 12, 7, 6, 11, 14, 9, 13, 8, 11, 3, 10, 14, 6, 2, 9, 5

Player 3's Hand: 7
Player 3 draws: 3
Player 3's discards: 3
Player 3's Hand: 7

Deck:  2, 14, 7, 13, 9, 4, 11, 12, 12, 9, 14, 13, 4, 4, 8, 3, 6, 5, 10, 4, 7, 10, 5, 2, 12, 10, 8, 6, 5, 11, 2, 3, 12, 7, 6, 11, 14, 9, 13, 8, 11, 3, 10, 14, 6, 2, 9, 5, 3

Player 1's Hand: 13
Player 1 draws: 2
Player 1's discards: 13
Player 1's Hand: 2

Deck:  14, 7, 13, 9, 4, 11, 12, 12, 9, 14, 13, 4, 4, 8, 3, 6, 5, 10, 4, 7, 10, 5, 2, 12, 10, 8, 6, 5, 11, 2, 3, 12, 7, 6, 11, 14, 9, 13, 8, 11, 3, 10, 14, 6, 2, 9, 5, 3, 13

Player 2's Hand: 8
Player 2 draws: 14
Player 2's discards: 14
Player 2's Hand: 8

Deck:  7, 13, 9, 4, 11, 12, 12, 9, 14, 13, 4, 4, 8, 3, 6, 5, 10, 4, 7, 10, 5, 2, 12, 10, 8, 6, 5, 11, 2, 3, 12, 7, 6, 11, 14, 9, 13, 8, 11, 3, 10, 14, 6, 2, 9, 5, 3, 13, 14

Player 3's Hand: 7
Player 3 draws: 7
Player 3's Hand: 7, 7
Player 3 has won.

Deck:  13, 9, 4, 11, 12, 12, 9, 14, 13, 4, 4, 8, 3, 6, 5, 10, 4, 7, 10, 5, 2, 12, 10, 8, 6, 5, 11, 2, 3, 12, 7, 6, 11, 14, 9, 13, 8, 11, 3, 10, 14, 6, 2, 9, 5, 3, 13, 14

Dealer shuffling.

Round 3
---------------------------

Deck:  11, 12, 14, 4, 8, 10, 9, 12, 13, 10, 10, 2, 11, 5, 3, 8, 11, 7, 7, 14, 5, 6, 14, 9, 11, 13, 2, 12, 9, 4, 7, 13, 5, 3, 6, 4, 2, 5, 13, 7, 6, 2, 3, 4, 6, 3, 8, 14, 10

Player 3's Hand: 8
Player 3 draws: 11
Player 3's discards: 8
Player 3's Hand: 11

Deck:  12, 14, 4, 8, 10, 9, 12, 13, 10, 10, 2, 11, 5, 3, 8, 11, 7, 7, 14, 5, 6, 14, 9, 11, 13, 2, 12, 9, 4, 7, 13, 5, 3, 6, 4, 2, 5, 13, 7, 6, 2, 3, 4, 6, 3, 8, 14, 10, 8

Player 1's Hand: 9
Player 1 draws: 12
Player 1's discards: 9
Player 1's Hand: 12

Deck:  14, 4, 8, 10, 9, 12, 13, 10, 10, 2, 11, 5, 3, 8, 11, 7, 7, 14, 5, 6, 14, 9, 11, 13, 2, 12, 9, 4, 7, 13, 5, 3, 6, 4, 2, 5, 13, 7, 6, 2, 3, 4, 6, 3, 8, 14, 10, 8, 9

Player 2's Hand: 12
Player 2 draws: 14
Player 2's discards: 14
Player 2's Hand: 12

Deck:  4, 8, 10, 9, 12, 13, 10, 10, 2, 11, 5, 3, 8, 11, 7, 7, 14, 5, 6, 14, 9, 11, 13, 2, 12, 9, 4, 7, 13, 5, 3, 6, 4, 2, 5, 13, 7, 6, 2, 3, 4, 6, 3, 8, 14, 10, 8, 9, 14

Player 3's Hand: 11
Player 3 draws: 4
Player 3's discards: 4
Player 3's Hand: 11

Deck:  8, 10, 9, 12, 13, 10, 10, 2, 11, 5, 3, 8, 11, 7, 7, 14, 5, 6, 14, 9, 11, 13, 2, 12, 9, 4, 7, 13, 5, 3, 6, 4, 2, 5, 13, 7, 6, 2, 3, 4, 6, 3, 8, 14, 10, 8, 9, 14, 4

Player 1's Hand: 12
Player 1 draws: 8
Player 1's discards: 8
Player 1's Hand: 12

Deck:  10, 9, 12, 13, 10, 10, 2, 11, 5, 3, 8, 11, 7, 7, 14, 5, 6, 14, 9, 11, 13, 2, 12, 9, 4, 7, 13, 5, 3, 6, 4, 2, 5, 13, 7, 6, 2, 3, 4, 6, 3, 8, 14, 10, 8, 9, 14, 4, 8

Player 2's Hand: 12
Player 2 draws: 10
Player 2's discards: 12
Player 2's Hand: 10

Deck:  9, 12, 13, 10, 10, 2, 11, 5, 3, 8, 11, 7, 7, 14, 5, 6, 14, 9, 11, 13, 2, 12, 9, 4, 7, 13, 5, 3, 6, 4, 2, 5, 13, 7, 6, 2, 3, 4, 6, 3, 8, 14, 10, 8, 9, 14, 4, 8, 12

Player 3's Hand: 11
Player 3 draws: 9
Player 3's discards: 9
Player 3's Hand: 11

Deck:  12, 13, 10, 10, 2, 11, 5, 3, 8, 11, 7, 7, 14, 5, 6, 14, 9, 11, 13, 2, 12, 9, 4, 7, 13, 5, 3, 6, 4, 2, 5, 13, 7, 6, 2, 3, 4, 6, 3, 8, 14, 10, 8, 9, 14, 4, 8, 12, 9

Player 1's Hand: 12
Player 1 draws: 12
Player 1's Hand: 12, 12
Player 1 has won.

Deck:  13, 10, 10, 2, 11, 5, 3, 8, 11, 7, 7, 14, 5, 6, 14, 9, 11, 13, 2, 12, 9, 4, 7, 13, 5, 3, 6, 4, 2, 5, 13, 7, 6, 2, 3, 4, 6, 3, 8, 14, 10, 8, 9, 14, 4, 8, 12, 9


Program is done.
